1,0.7999999999999998,1.9999999919610905,1.1999999919610906,6235.185795646853,5378.005215707885,1.9442343454659272,1.7807191634770176,1.8593767489618331,1.8593767489618331,0.7999999999999998,0.16351518198890957
2,0.3995975915279608,1.0000000035752445,1.3995975951032054,33526.136314355346,39986.98290861656,1.0494007711321522,1.3083892041498681,1.0230332928537773,1.0230332928537773,0.3995975915279608,0.2589884330177159
3,0.47818526965291275,1.5218147210252622,1.999999990678175,17510.206954831516,22984.171163192652,1.38353674652957,1.808231626735215,1.6948483713006528,1.6948483713006528,0.47818526965291275,0.42469488020564494
4,0.05855341439253081,1.135134528383427,1.0765811139908963,650.2831543127734,1687.8341653880561,1.1352385349528022,1.1330402253918765,1.1914792598040467,1.1914792598040467,0.05855341439253081,0.002198309560925704
5,0.48373506886928563,1.9648998467519987,1.481164777882713,16588.022888831092,32505.879424884595,1.8546509101975075,1.5813963592099696,1.769610940014466,1.769610940014466,0.48373506886928563,0.2732545509875379
6,0.2484960833797074,1.000000004475016,1.2484960878547233,17394.342918345963,27098.559631924607,1.0470596645935148,1.341164695690792,1.0843694789739144,1.0843694789739144,0.2484960833797074,0.29410503109727726
7,0.06379572768339958,1.8890389693213705,1.825243241637971,6423.8505787875065,909.357120071255,1.7742060909019655,1.6209332500195948,1.8516105664431013,1.8516105664431013,0.06379572768339958,0.1532728408823707
8,0.23360651447150538,1.233606519035185,1.0000000045636797,18204.111760428175,23647.25959811068,1.236692816404098,1.0545219416854217,1.0563704526543445,1.0563704526543445,0.23360651447150538,0.18217087471867632
9,0.1873166117764704,1.1873166166157947,1.0000000048393243,71654.24450824059,20074.934812303694,1.2039173248631745,1.056863048224059,1.0001745638404298,1.0001745638404298,0.1873166117764704,0.1470542766391154
10,0.7050873132115076,1.2949126788859044,1.999999992097412,30009.806422059373,7683.532764151161,1.3812678603220105,1.9727665814055706,1.9873005724089619,1.9873005724089619,0.7050873132115076,0.59149872108356
11,0.3674758550281778,1.3674758587946991,1.0000000037665213,8909.344169980772,13283.979338624678,1.4970307098343834,1.125742322541404,1.3544081460026627,1.3544081460026627,0.3674758550281778,0.3712883872929793
12,0.133436691820481,1.5981554228316535,1.4647187310111724,5775.390933215099,3239.1898029502563,1.3894345562572812,1.3894345562572812,1.4503300427966894,1.4503300427966894,0.133436691820481,0.0
13,0.6185448467612491,1.0000000034072036,1.6185448501684527,14569.635195634892,37020.16739234662,1.0308426245081619,1.5682032568857323,1.2793794968280108,1.2793794968280108,0.6185448467612491,0.5373606323775704
14,0.2711163192510875,1.5671440596698742,1.8382603789209617,2342.6474478788355,3017.8965165600903,1.6753883635693583,1.754404231429324,1.7235588261164567,1.7235588261164567,0.2711163192510875,0.07901586785996573
15,0.0,1.999999992060336,1.999999992060336,15017.269419550923,23228.193891386072,1.8957747952404682,1.9360160860542523,1.84478612546227,1.84478612546227,0.0,0.040241290813784136
16,0.09656641698352875,1.0965664205700079,1.0000000035864791,11256.920704800765,7299.487133165458,1.3533227795135354,1.470015830729697,1.202205803218507,1.202205803218507,0.09656641698352875,0.11669305121616169
17,0.12468572880998696,1.0193414842759458,1.1440272130859328,2119.9781669386452,2711.464956024184,1.1283580123146018,1.1656729199550888,1.0781375229312853,1.0781375229312853,0.12468572880998696,0.03731490764048706
18,0.013924636096375398,1.4537572346473415,1.467681870743717,1035.7868106794022,561.0442989531026,1.497812321648015,1.497812321648015,1.4677258956304473,1.4677258956304473,0.013924636096375398,0.0
19,0.6136485347683114,1.9999999930981238,1.3863514583298124,23072.511011836516,47318.00914515845,1.9648165737847811,1.4925679670130638,1.8670726435094662,1.8670726435094662,0.6136485347683114,0.4722486067717173
20,0.0,1.999999992060336,1.999999992060336,12989.100792032788,13312.479990890792,1.9599030540108955,1.9599030540108955,1.9700890997248643,1.9700890997248643,0.0,0.0
21,0.19100517894748492,1.1910051837648445,1.0000000048173596,5902.122770943643,9722.132566408633,1.2018688566418672,1.0570093673827239,1.1341776453869439,1.1341776453869439,0.19100517894748492,0.14485948925914327
22,0.19169549224709614,1.6923626162397543,1.5006671239926581,2434.4239548954997,3303.2718408147325,1.6703809241901681,1.4944286137147476,1.6317084372581283,1.6317084372581283,0.19169549224709614,0.1759523104754206
23,0.7940053259662103,1.0504521582142157,1.844457484180426,17140.89152013624,36942.697556443585,1.0614901568047708,1.6003139807689892,1.253398048374363,1.253398048374363,0.7940053259662103,0.5388238239642185
24,0.27884519882936454,1.0000000042942945,1.278845203123659,39991.79826882904,29086.41573249318,1.0562777715893996,1.212111197748405,1.0223077974815005,1.0223077974815005,0.27884519882936454,0.1558334261590053
25,0.10686056264458754,1.4871987213195181,1.3803381586749306,5138.645832763081,3609.9701992350515,1.636434879379926,1.5453476809301108,1.557722553462401,1.557722553462401,0.10686056264458754,0.09108719844981517
26,0.0,1.999999992060336,1.999999992060336,13515.019517227875,16025.465942590405,1.938348674876993,1.938348674876993,1.9360338300068833,1.9360338300068833,0.0,0.0
27,0.2441637313925007,1.676683660074037,1.9208473914665376,6783.731497828877,4789.328852245715,1.6564465024431767,1.6564465024431767,1.7371024259106183,1.7371024259106183,0.2441637313925007,0.0
28,0.0,1.0000000039698316,1.0000000039698316,19637.841209473383,14318.201193324534,1.1260755324534808,1.0624231762533227,1.049654980058372,1.049654980058372,0.0,0.06365235620015808
29,0.0,1.999999992060336,1.999999992060336,5089.690679308876,5469.493279618666,1.9334798873040617,1.9312815777431356,1.94401936019208,1.94401936019208,0.0,0.0021983095609261483
30,0.7999999999999998,1.8000000040194544,1.0000000040194545,30719.07362284182,37283.49801068876,1.9502153758884162,1.3236000567252952,1.8734365049371215,1.8734365049371215,0.7999999999999998,0.626615319163121
31,0.3523907367714929,1.0000000038563495,1.3523907406278424,15552.697389837234,31999.824539219215,1.0531075231516616,1.2564946758767397,1.1364044845079118,1.1364044845079118,0.3523907367714929,0.20338715272507812
32,0.4675501078805899,1.4675501126364967,1.0000000047559068,29278.871903452477,64117.47961272947,1.4855817052929872,1.0367441639076438,1.0417518986552938,1.0417518986552938,0.4675501078805899,0.4488375413853434
33,0.1482640598535836,1.5167844529947914,1.665048512848375,1530.318208345669,1718.7202914291572,1.426811107328823,1.62654028108728,1.5920648510855062,1.5920648510855062,0.1482640598535836,0.199729173758457
34,0.6641036203736097,1.3358963706255886,1.9999999909991983,31724.172880022426,41725.300963922644,1.4275842054831065,1.9342178145410607,1.9355152287280215,1.9355152287280215,0.6641036203736097,0.5066336090579542
35,0.7251149042534912,1.7251149079364514,1.0000000036829602,25610.664700890524,32259.013507683754,1.9455331628111412,1.3540344417275816,1.7493159635429725,1.7493159635429725,0.7251149042534912,0.5914987210835596
36,0.5419627261606816,1.9973799836997959,1.4554172575391142,8973.633260850114,22248.599868988153,1.9654506234723288,1.483691271387397,1.6965896937844276,1.6965896937844276,0.5419627261606816,0.4817593520849317
37,0.005396272897770338,1.4559800882960579,1.4613763611938282,1403.033174378876,5833.8916779819765,1.393267909829036,1.4100981352564461,1.2915669489438657,1.2915669489438657,0.005396272897770338,0.016830225427410195
38,0.0,1.999999992060336,1.999999992060336,7847.439374293389,7960.438869419793,1.952274805109594,1.952274805109594,1.9646760209010288,1.9646760209010288,0.0,0.0
39,0.10999709112081124,1.3010210025752493,1.191023911454438,2795.9309688018184,3125.598770985104,1.3187100970311598,1.24774178289776,1.2602186778327642,1.2602186778327642,0.10999709112081124,0.07096831413339988
40,0.7999999999999998,1.0000000040194545,1.8000000040194544,67635.26709346307,148708.38067158937,1.019819914555411,1.7225211962242475,1.0455012512768835,1.0455012512768835,0.7999999999999998,0.7027012816688365
41,0.39466270056772457,1.054680461269165,1.4493431618368895,10221.12712873851,11002.889533757128,1.2008221060192354,1.4477392084471028,1.1811629550181943,1.1811629550181943,0.39466270056772457,0.24691710242786735
42,0.7999999999999998,1.8000000040194544,1.0000000040194545,28537.14639158457,31645.661297082235,1.9786193477521643,1.2993291314697017,1.9098702941322294,1.9098702941322294,0.7999999999999998,0.6792902162824626
43,0.5834291889672345,1.4165708035910434,1.9999999925582779,18996.126840098495,25877.97386794716,1.4645722346551913,1.9668162689532007,1.8497430301330802,1.8497430301330802,0.5834291889672345,0.5022440342980095
44,0.0,1.999999992060336,1.999999992060336,4080.1206329127417,12688.311303431385,1.9577460681222967,1.9577460681222967,1.8399657365570201,1.8399657365570201,0.0,0.0
45,0.0,1.999999992060336,1.999999992060336,14545.050699836189,7829.112013267373,1.941437621235477,1.941437621235477,1.996503128044114,1.996503128044114,0.0,0.0
46,0.12367101294793414,1.9999999930422425,1.8763289800943084,10170.609309663309,6611.844215044416,1.853112480373944,1.853112480373944,1.9251210865254889,1.9251210865254889,0.12367101294793414,0.0
47,0.5598771525122337,1.2680262387316679,1.8279033912439016,27863.504499905135,28015.949992946847,1.2429620237147088,1.3318544347845513,1.456472001140936,1.456472001140936,0.5598771525122337,0.08889241106984258
48,0.6788011358526669,1.9892484915188264,1.3104473556661596,16892.612160789384,17909.887208398522,1.9322668924255293,1.4402651992340587,1.9232848048751223,1.9232848048751223,0.6788011358526669,0.4920016931914706
49,0.1005550482599542,1.4958046730268186,1.5963597212867728,1274.1028253922636,2295.2258984950504,1.5376026191455028,1.5284541495479969,1.6612032781695056,1.6612032781695056,0.1005550482599542,0.009148469597505926
50,0.7515325716561247,1.1660577391001377,1.9175903107562624,8489.415764788677,15351.594831975139,1.1756118298714155,1.7993007658612394,1.719963460610051,1.719963460610051,0.7515325716561247,0.6236889359898239
51,0.7178591595427082,1.2821408328969432,1.9999999924396514,27049.054844045793,35169.1492834789,1.332104623010625,1.9762782412135267,1.9282456733281044,1.9282456733281044,0.7178591595427082,0.6441736182029016
52,0.14305048366759365,1.1430504870695388,1.0000000034019452,67765.15789017541,41804.64753224795,1.1643136059178913,1.059691885291579,1.0166142639521927,1.0166142639521927,0.14305048366759365,0.10462172062631225
53,0.2489518301645921,1.000000004472302,1.2489518346368942,39935.216951974944,17423.64653498135,1.0513516932476834,1.281076294532432,1.0053473477394343,1.0053473477394343,0.2489518301645921,0.2297246012847487
54,0.6994030295734985,1.0000000040274526,1.6994030336009511,16242.459218774924,51290.1905164443,1.0287941562868543,1.5968818119840404,1.591705927104907,1.591705927104907,0.6994030295734985,0.5680876556971861
55,0.0,1.0000000039698316,1.0000000039698316,9361.815059150513,4076.9775770592237,1.0625320764690387,1.0625320764690387,1.0058072723222766,1.0058072723222766,0.0,0.0
56,0.0,1.999999992060336,1.999999992060336,2215.042272102485,4305.951514728541,1.9708141815297977,1.9708141815297977,1.9306308474580227,1.9306308474580227,0.0,0.0
57,0.11189566713530397,1.9999999929487502,1.8881043258134462,10942.46874901635,10008.17124970643,1.8826489080148199,1.8826489080148199,1.9007686375928738,1.9007686375928738,0.11189566713530397,0.0
58,0.7653981164435284,1.2346018741267555,1.9999999905702839,19362.745962762372,37212.36786436582,1.3565706404777718,1.9451429783880352,1.8504073604380467,1.8504073604380467,0.7653981164435284,0.5885723379102634
59,0.08683586068397853,1.0000000036251078,1.0868358643090863,9819.119927958089,8069.598876729581,1.0632035450995352,1.1151503686065058,1.0210641101488676,1.0210641101488676,0.08683586068397853,0.05194682350697066
60,0.202389448942621,1.5606985326942207,1.3583090837515996,4158.381278901725,13097.693844684609,1.484226844202956,1.4513015113224137,1.3345175118512849,1.3345175118512849,0.202389448942621,0.032925332880542335
61,0.44806129696626096,1.2195670208013816,1.6676283177676425,17539.21466167592,29131.183475493242,1.3698748995254313,1.5772858291137926,1.3504537234827572,1.3504537234827572,0.44806129696626096,0.20741092958836127
62,0.7424256430293559,1.1139048214624045,1.8563304644917604,24377.272913339842,51371.77187944293,1.1981088701402614,1.6037822597194775,1.3401066067491116,1.3401066067491116,0.7424256430293559,0.40567338957921617
63,0.29285965451854556,1.2590581453576153,1.5519177998761609,2422.895422066426,4979.957788888933,1.3018184356635125,1.5472723465047313,1.4531665963329856,1.4531665963329856,0.29285965451854556,0.24545391084121881
64,0.0,1.0000000039698316,1.0000000039698316,3949.063363485606,7201.969294699624,1.0162407039196366,1.0162407039196366,1.0420234738301217,1.0420234738301217,0.0,0.0
65,0.041363205180309226,1.2316431344527239,1.2730063396330331,1509.015221195692,611.7239844573444,1.3168276988676806,1.3168276988676806,1.2575275002430528,1.2575275002430528,0.041363205180309226,0.0
66,0.4220425074179901,1.4220425108595809,1.0000000034415908,28417.99560818537,35016.68077842253,1.4889958189951664,1.0365002986432024,1.6269850754073092,1.6269850754073092,0.4220425074179901,0.45249552035196405
67,0.28937613452048394,1.0568604848955956,1.3462366194160795,9951.574411435486,27407.570280680105,1.1563961862816876,1.3744152548732493,1.3384885510306623,1.3384885510306623,0.28937613452048394,0.21801906859156173
68,0.0,1.999999992060336,1.999999992060336,7795.730807265053,6409.538843479757,1.868813150617878,1.8527145209837923,1.87346112818682,1.87346112818682,0.0,0.016098629634085704
69,0.027963525082946195,1.73625848960712,1.7082949645241738,522.8112688857509,5890.556749176965,1.7450398052747746,1.7011405354943694,1.9191311880259614,1.9191311880259614,0.027963525082946195,0.04389926978040526
70,0.7999999999999998,1.8801624726244759,1.080162472624476,17463.771006421433,44921.66280371832,1.6521290180191113,1.0869677454952222,1.4931085725729862,1.4931085725729862,0.7999999999999998,0.565161272523889
71,0.5831092449644961,1.7656174006792242,1.1825081557147281,8994.891456443565,25366.366671210773,1.683788121539025,1.2108079189739835,1.574674400452301,1.574674400452301,0.5831092449644961,0.47298020256504136
72,0.2844470906101706,1.7155529008679558,1.9999999914781263,3524.5684418533633,11501.353604698865,1.8848496313934935,1.9367964549004646,1.673268914771851,1.673268914771851,0.2844470906101706,0.05194682350697111
73,0.7922787933102451,1.0230869249256116,1.8153657182358567,24733.065499476572,38278.970340187385,1.0928205118418157,1.628717952632737,1.1281230742421722,1.1281230742421722,0.7922787933102451,0.5358974407909214
74,0.19202637027829095,1.7692442016655054,1.5772178313872145,4134.805187555481,5664.337435212063,1.6731609882048002,1.4902585176927994,1.7593353888202432,1.7593353888202432,0.19202637027829095,0.18290247051200081
75,0.6559488628476506,1.9187636818737182,1.2628148190260675,10915.10967167952,21182.3488063523,1.7646104623703238,1.353084306444514,1.7869872666044246,1.7869872666044246,0.6559488628476506,0.4115261559258099
76,0.5368176502680728,1.7939491937680285,1.2571315434999557,7051.345896082179,11722.972149629124,1.7309263379072923,1.538147324185415,1.5112909020418561,1.5112909020418561,0.5368176502680728,0.19277901372187722
77,0.003712145637592368,1.9999999920898095,1.9962878464522171,7237.528453504901,12062.901208271114,1.8689106967236546,1.8520804712962444,1.8074864104962214,1.8074864104962214,0.003712145637592368,0.016830225427410195
78,0.2757401416518568,1.7242598497225738,1.9999999913744306,3694.438011190856,3721.5351872850733,1.7590278178290828,1.8102430455427294,1.81251801473514,1.81251801473514,0.2757401416518568,0.051215227713646616
79,0.0,1.0000000039698316,1.0000000039698316,15381.67569605696,6351.820580684241,1.0933000409125568,1.0647642827919601,1.0030426231774334,1.0030426231774334,0.0,0.02853575812059672
80,0.22379282801667122,1.445692118615954,1.2218992905992827,3155.0789628332373,3678.13962390579,1.3570701031277916,1.2337926897717122,1.392911518144568,1.392911518144568,0.22379282801667122,0.12327741335607945
81,0.3212369261716064,1.080309234004701,1.4015461601763073,790.9557621847828,610.6453974673261,1.7643178240529942,1.3535232639205084,1.5159324311161377,1.5159324311161377,0.3212369261716064,0.41079456013248583
82,0.7923695443950614,1.8386167446004884,1.046247200205427,24139.735765600457,37438.13211678051,1.7679938581023846,1.4640122837952305,1.627478469881487,1.627478469881487,0.7923695443950614,0.3039815743071541
83,0.0,1.999999992060336,1.999999992060336,21255.964310591527,16442.591763291715,1.9352357172080397,1.9066999590874425,1.9539214846675472,1.9539214846675472,0.0,0.028535758120597166
84,0.36644390451626396,1.0000000037726664,1.3664439082889304,35611.352244581474,41304.41171025297,1.0483521504950544,1.3230698930692404,1.0050833973840505,1.0050833973840505,0.36644390451626396,0.274717742574186
85,0.11724662162321398,1.8827533713680213,1.9999999929912353,5968.852194984358,5383.58010896864,1.8848496313934935,1.9367964549004646,1.9869327471031073,1.9869327471031073,0.11724662162321398,0.05194682350697111
86,0.5294239228577267,1.66177989364529,1.1323559707875634,2335.45942422283,2150.4929114290203,1.5510541281180397,1.6326305812546404,1.542135430599644,1.542135430599644,0.5294239228577267,0.08157645313660078
87,0.19360862874336693,1.0871223832158845,1.2807310119592514,9806.524799850604,10461.361884184664,1.1533015490476162,1.1533015490476162,1.1463615341769458,1.1463615341769458,0.19360862874336693,0.0
88,0.7793588176185806,1.7793588220528667,1.000000004434286,34564.08920746347,109216.99574365104,1.7006708685302985,1.021380652247836,1.5622177344959678,1.5622177344959678,0.7793588176185806,0.6792902162824626
89,0.6886742170516129,1.8742515515255311,1.1855773344739182,27296.714602410564,75948.81415946363,1.8143589763163688,1.278461535525447,1.5574168354860198,1.5574168354860198,0.6886742170516129,0.5358974407909218
90,0.0,1.999999992060336,1.999999992060336,8234.324482310807,10571.54838893335,1.9351609955419848,1.9351609955419848,1.9240055616139196,1.9240055616139196,0.0,0.0
91,0.5023623823733656,1.497637608736715,1.9999999911100805,19817.79322916345,30712.24049123356,1.543779672545757,1.9611585948181602,1.7631706619882448,1.7631706619882448,0.5023623823733656,0.41737892227240314
92,0.32991843404006227,1.4301915548787445,1.7601099889188068,8896.696543868458,11832.289843054486,1.4496368960805375,1.6065677159295297,1.5770836089046072,1.5770836089046072,0.32991843404006227,0.15693081984899226
93,0.20562200354698534,1.2056220082773057,1.0000000047303204,18990.32763170499,17593.77397101336,1.2182566024123287,1.0558388141134052,1.0079227210698267,1.0079227210698267,0.20562200354698534,0.1624177882989235
94,0.6092009579613653,1.0000000034906644,1.6092009614520297,16164.726961131706,41780.66012377185,1.07994442587931,1.68022229648276,1.6951028041303537,1.6951028041303537,0.6092009579613653,0.60027787060345
95,0.20912912045834853,1.7908708701227787,1.9999999905811272,7139.388699625496,6900.875353983092,1.6302669582040257,1.8424332604489937,1.7653571003922757,1.7653571003922757,0.20912912045834853,0.21216630224496802
96,0.21433527183656942,1.0558351702267983,1.2701704420633677,5475.184035900692,8173.657098352307,1.12387089144888,1.1948392055822799,1.1743196506321114,1.1743196506321114,0.21433527183656942,0.07096831413339988
97,0.4840948770186668,1.390669058390002,1.874763935408669,10867.00798258549,17853.565147690195,1.4618228886106783,1.9289503248291264,1.6929751240026496,1.6929751240026496,0.4840948770186668,0.4671274362184481
98,0.5126011327549187,1.5126011371084245,1.0000000043535058,52063.41617122829,124074.08717404191,1.618732139677989,1.0272334185944294,1.8946257032256657,1.8946257032256657,0.5126011327549187,0.5914987210835596
99,0.01388114636291693,1.705614906976383,1.6917337606134661,1652.0157592310425,1310.2117220002397,1.6976387293110418,1.6047225413779165,1.6417167075659755,1.6417167075659755,0.01388114636291693,0.09291618793312528
100,0.0,1.999999992060336,1.999999992060336,5771.733536690046,10501.70772928872,1.9922525869984793,1.9922525869984793,1.9748166380243939,1.9748166380243939,0.0,0.0
101,0.2637527150401402,1.2067032149070358,1.470455929947176,6471.235387433981,10897.192143172313,1.2230626181362907,1.3865778001252003,1.3324679194392783,1.3324679194392783,0.2637527150401402,0.16351518198890957
102,0.435385263739831,1.9507109767073096,1.5153257129674786,5558.229393040367,10792.658743813181,1.7650674749290878,1.4698650501418244,1.587517231249472,1.587517231249472,0.435385263739831,0.29520242478726333
103,0.016361836573074218,1.6677904011812024,1.6841522377542766,3131.1956949840614,3225.068455545791,1.807024024052103,1.7719039037915885,1.7901771955104526,1.7901771955104526,0.016361836573074218,0.035120120260514476
104,0.5600018805418023,1.893997868524018,1.3339959879822156,8861.739868485009,19148.464537201147,1.6847509197094412,1.3602846631892103,1.3950194203436164,1.3950194203436164,0.5600018805418023,0.324466256520231
105,0.5502119293625833,1.3834235616925121,1.9336354910550955,17220.312267140303,41044.98738703231,1.3591502200854302,1.820424889957285,1.5153286906123324,1.5153286906123324,0.5502119293625833,0.46127466987185484
106,0.25121340136878567,1.3777951555924242,1.6290085569612098,4388.267904538514,6839.542331135679,1.3398614169163703,1.4902078746254448,1.3544645294898183,1.3544645294898183,0.25121340136878567,0.1503464577090745
107,0.011411914480638163,1.5981636566062263,1.5867517421255881,3756.4136244165948,1839.4908293748833,1.623079264346679,1.773425722055753,1.67024760719026,1.67024760719026,0.011411914480638163,0.15034645770907407
108,0.5857584620396414,1.997015443334004,1.4112569812943625,12982.777512101666,26127.958239628522,1.861802493889315,1.3800431418043833,1.9224846206664903,1.9224846206664903,0.5857584620396414,0.4817593520849317
109,0.6596616750887505,1.0000000045599144,1.659661679648665,58137.451687360175,137816.84813676812,1.030159801767726,1.5777627752518344,1.660349479306645,1.660349479306645,0.6596616750887505,0.5476029734841084
110,0.7783111392484106,1.2216888518409061,1.9999999910893167,41173.588550165194,64312.01651397293,1.4823256259065252,1.9655481695781054,1.8903531394233748,1.8903531394233748,0.7783111392484106,0.48322254367158024
111,0.2754277021074314,1.2754277064220763,1.0000000043146449,12739.611772558474,9991.15110177188,1.5186995389703408,1.5461379034009515,1.270020966872683,1.270020966872683,0.2754277021074314,0.02743836443061065
112,0.7372290042193734,1.1181688432135624,1.8553978474329358,12253.054470225283,18251.227980628053,1.343506732995642,1.6994316086288133,1.6162316626872553,1.6162316626872553,0.7372290042193734,0.3559248756331712
113,0.04119825715412162,1.9588017352333151,1.9999999923874368,6920.0016870339805,5832.984008620085,1.8370520395629801,1.9402105686026443,1.9327860145678857,1.9327860145678857,0.04119825715412162,0.10315852903966416
114,0.6627026792195401,1.0000000045191704,1.6627026837387104,21096.07147936477,22511.67208232253,1.2845888851066007,1.7509847255317244,1.6574513644081221,1.6574513644081221,0.6627026792195401,0.4663958404251236
115,0.0,1.999999992060336,1.999999992060336,5048.786379170851,6200.667537567045,1.925818995819648,1.933870071727168,1.9187720059071514,1.9187720059071514,0.0,0.008051075907519856
116,0.5092152706097974,1.9999999912325024,1.490784720622705,9370.493820507774,12524.53687029383,1.8147852709050138,1.5093405050112116,1.759117545540157,1.759117545540157,0.5092152706097974,0.3054447658938022
117,0.18147399847286216,1.4956552190940715,1.6771292175669337,1187.0441204955541,2123.0358536579265,1.5345932227682453,1.6436045181545031,1.4970816833106209,1.4970816833106209,0.18147399847286216,0.10901129538625787
118,0.6265749864529848,1.0000000033354772,1.626574989788462,12401.21035629864,26270.20269454584,1.0394754548693874,1.4473436318285762,1.1450970989880092,1.1450970989880092,0.6265749864529848,0.40786817695918876
119,0.39777715498781463,1.4724333678519843,1.0746562128641697,8542.085426448091,16520.374680358116,1.4276203241306875,1.2081380639524772,1.3922346911224772,1.3922346911224772,0.39777715498781463,0.21948226017821026
120,0.6704695702653982,1.6774592984777292,1.006989728212331,15409.529524754938,38406.58741381749,1.8365994884334238,1.2451007673498642,1.6431032300727768,1.6431032300727768,0.6704695702653982,0.5914987210835596
121,0.0,1.999999992060336,1.999999992060336,16987.529474057188,9203.36702706835,1.940308114708421,1.8356863940821082,1.980342080869618,1.980342080869618,0.0,0.1046217206263127
122,0.7999999999999998,1.984860545659438,1.184860545659438,34738.50566488641,60662.423980589505,1.8503354342651495,1.1710452179826865,1.9275665372156723,1.9275665372156723,0.7999999999999998,0.679290216282463
123,0.3855863831676478,1.0000000036586778,1.3855863868263256,29487.997154754758,48505.20511770527,1.0424018380426843,1.4063742674024218,1.0160326796204067,1.0160326796204067,0.3855863831676478,0.3639724293597375
124,0.2419365784404226,1.2419365829544988,1.0000000045140762,11610.971030018243,17641.49062330701,1.258543144098047,1.0529612039929968,1.0760834733817566,1.0760834733817566,0.2419365784404226,0.20558194010505026
125,0.1093724596611918,1.999999992928717,1.8906275332675253,4292.563398528757,6282.253804565738,1.9224211859778375,1.9224211859778375,1.8884482113966414,1.8884482113966414,0.1093724596611918,0.0
126,0.10617400688499457,1.6627429347959024,1.5565689279109078,2518.9230910982315,3339.048669827022,1.76728031739183,1.6399791271724677,1.6993979726867763,1.6993979726867763,0.10617400688499457,0.12730119021936215
127,0.7228364155667353,1.000000003713488,1.7228364192802232,67552.68170436712,86450.49062077726,1.02664814195977,1.62692601256322,1.0030142785205527,1.0030142785205527,0.7228364155667353,0.60027787060345
128,0.6486877446509771,1.999999990586109,1.3513122459351319,26495.859881245466,16383.779597770117,1.97335185804023,1.3730739874367797,1.9624782762663444,1.9624782762663444,0.6486877446509771,0.6002778706034504
129,0.6517812656224411,1.1564869855954603,1.8082682512179014,6295.0965740298325,1123.0182311202564,1.9516478495049456,1.6769301069307592,1.854108210658933,1.854108210658933,0.6517812656224411,0.27471774257418646
130,0.34565192303289605,1.3456519269293736,1.0000000038964776,52699.338489717964,37373.32214734445,1.2684440738343679,1.0522539947261167,1.0012886678583284,1.0012886678583284,0.34565192303289605,0.21619007910825117
131,0.09521770992485035,1.9047822828914827,1.999999992816333,8288.210494435114,8472.217701193946,1.887266080804654,1.887266080804654,1.8988224553924165,1.8988224553924165,0.09521770992485035,0.0
132,0.2802643338403161,1.9999999914283113,1.7197356575879952,7866.595276520643,11867.691600457489,1.9441611858865948,1.7817433975876713,1.9438654145706142,1.9438654145706142,0.2802643338403161,0.1624177882989235
133,0.5536650493847937,1.138397769587058,1.6920628189718516,2664.46979251072,332.6371029867761,1.8143950864819076,1.5104135121747535,1.632945743736474,1.632945743736474,0.5536650493847937,0.3039815743071541
134,0.0,1.999999992060336,1.999999992060336,9202.511616275187,11417.625827893655,1.9327083279105266,1.9327083279105266,1.925052003645117,1.925052003645117,0.0,0.0
135,0.42942965430274693,1.5705703389020482,1.9999999932047952,20863.806167882987,9942.955726199756,1.3923158960494604,1.8038420519752698,1.944945384769584,1.944945384769584,0.42942965430274693,0.41152615592580943
136,0.11900881452582057,1.9999999930052261,1.8809911784794056,6785.475426450361,9828.835252468665,1.906046134254665,1.906046134254665,1.86124887775631,1.86124887775631,0.11900881452582057,0.0
137,0.7999999999999998,1.8000000040194544,1.0000000040194545,51458.35309726543,105430.10017883837,1.667895376989375,1.0237217587864733,1.686640015447138,1.686640015447138,0.7999999999999998,0.6441736182029016
138,0.7999999999999998,1.8000000040194544,1.0000000040194545,81784.78799451169,92801.07520572402,1.483533237071679,1.0368904830663086,1.007299603526163,1.007299603526163,0.7999999999999998,0.44664275400537035
139,0.0,1.999999992060336,1.999999992060336,27131.45672355152,14492.112411216078,1.9094312500491866,1.9350406249964867,1.9868477399627071,1.9868477399627071,0.0,0.02560937494730009
140,0.341465349489551,1.6380938045045765,1.9795591539941275,7911.124119250489,11127.01304860994,1.6700657693608616,1.8324835576597847,1.8760442848966363,1.8760442848966363,0.341465349489551,0.16241778829892306
141,0.6684526826223558,1.9999999911157373,1.3315473084933815,24247.30669067939,10125.239911189316,1.948654638195991,1.333744851726057,1.986270700633796,1.986270700633796,0.6684526826223558,0.614909786469934
142,0.7313168241630845,1.0228367068893516,1.754153531052436,29894.113815967634,75070.14144880032,1.1522441453425092,1.5813286003080993,1.6612534082352255,1.6612534082352255,0.7313168241630845,0.4290844549655901
143,0.6471855052853597,1.0646289712270218,1.7118144765123815,16661.299157079535,41907.35321293704,1.2636959633876477,1.698633184699831,1.3343524627495778,1.3343524627495778,0.6471855052853597,0.4349372213121834
144,0.8000000000000003,1.0332412699784919,1.8332412699784921,8666.255136878008,16523.64967406679,1.086967745495222,1.6521290180191115,1.8058426818238211,1.8058426818238211,0.8000000000000003,0.5651612725238895
145,0.8000000000000003,1.1793204199523282,1.9793204199523284,20844.06854966128,57603.05613011768,1.2576588892203417,1.9603601708891782,1.8743094979892039,1.8743094979892039,0.8000000000000003,0.7027012816688365
146,0.0,1.0000000039698316,1.0000000039698316,7440.147901151764,3512.091266083113,1.134193630959356,1.134193630959356,1.050192222268864,1.050192222268864,0.0,0.0
147,0.7999999999999998,1.8000000040194544,1.0000000040194545,53504.187387275255,75364.9856006139,1.6673462105202543,1.0831634473699365,1.731066018041393,1.731066018041393,0.7999999999999998,0.5841827631503178
148,0.3810151556326504,1.7254821420873165,1.3444669864546661,9638.170222524792,12974.464930200676,1.4647483410177629,1.3568344393214915,1.409502705960287,1.409502705960287,0.3810151556326504,0.10791390169627135
149,0.36020225581892795,1.9377152342304313,1.5775129784115034,7044.499321322816,6316.07026286884,1.8452196559073002,1.4256459462549245,1.7506261334648134,1.7506261334648134,0.36020225581892795,0.4195737096523757
150,0.3566814443352473,1.3566814481660465,1.0000000038307992,11597.171059458147,10854.371467464769,1.2346443481827902,1.0546682608440865,1.0293354014757705,1.0293354014757705,0.3566814443352473,0.17997608733870374
151,0.0,1.0000000039698316,1.0000000039698316,15158.852774464045,25559.368639205335,1.00034652156621,1.00034652156621,1.0063682915023777,1.0063682915023777,0.0,0.0
152,0.7999999999999998,1.8000000040194544,1.0000000040194545,17737.443477570167,42033.877734559435,1.7257148919401755,1.1371425540299125,1.5559926770933465,1.5559926770933465,0.7999999999999998,0.588572337910263
153,0.26923520541507884,1.161463094499255,1.4306982999143338,2208.328380900112,4243.997319546492,1.1619563143109515,1.352174742756194,1.2912835856102425,1.2912835856102425,0.26923520541507884,0.19021842844524262
154,0.04744527369597629,1.4184368455923466,1.3709915718963703,768.8261201069373,2100.9215571777477,1.410854844628661,1.410854844628661,1.450343917137974,1.450343917137974,0.04744527369597629,0.0
155,0.6312190685711445,1.9181184108677878,1.2868993422966433,27634.90596561901,57661.211290226354,1.7921365192820828,1.4157269614358339,1.485962706854874,1.485962706854874,0.6312190685711445,0.37640955784624897
156,0.0886064949308687,1.0000000036180787,1.0886064985489474,17033.478528118678,9162.317528403239,1.052327154305449,1.2674198397237137,1.041222306637898,1.041222306637898,0.0886064949308687,0.21509268541826465
157,0.7758010445465979,1.0000000045057873,1.7758010490523852,39862.764696923936,54037.20013183552,1.0327935466236933,1.5408903472682955,1.8891522662153577,1.8891522662153577,0.7758010445465979,0.5080968006446023
158,0.7999999999999998,1.0000000040194545,1.8000000040194544,61250.027361035485,142836.4626706767,1.060124511323899,1.609190676394656,1.5529167370327142,1.5529167370327142,0.7999999999999998,0.5490661650707569
159,0.42786597134746085,1.5550416068620976,1.9829075782095584,14014.880847685361,19222.61854231404,1.6165129572895307,1.8458717606776174,1.8135308066461082,1.8135308066461082,0.42786597134746085,0.22935880338808667
160,0.06059810096763574,1.8696432389203466,1.9302413398879823,2225.171172788422,3316.892676162221,1.8804211372052886,1.7772626081656244,1.7554733127037685,1.7554733127037685,0.06059810096763574,0.10315852903966416
161,0.4687885752919563,1.8077975106337112,1.339008935341755,16484.464681787667,24385.407277343726,1.6168100570360682,1.4379313633873505,1.5391125414146067,1.5391125414146067,0.4687885752919563,0.17887869364871767
162,0.797514118623242,1.0000000040694137,1.7975141226926556,26582.21323463067,56377.82272197178,1.069994723090101,1.720021107639596,1.7712814403025485,1.7712814403025485,0.797514118623242,0.6500263845494949
163,0.0,1.0000000039698316,1.0000000039698316,2935.4828193817575,883.4760745685786,1.6864760316433005,1.4702859525350493,1.0003116964793894,1.0003116964793894,0.0,0.21619007910825117
164,0.3868438827139551,1.4835548602145063,1.0967109775005512,2808.9526062361497,339.99797153326324,1.6151545317045044,1.6151545317045044,1.4686349460218278,1.4686349460218278,0.3868438827139551,0.0
165,0.31521434419970484,1.2818677611680407,1.5970821053677455,4437.861540884768,5594.532999803605,1.2792852852291274,1.581072072156309,1.3119249076890966,1.3119249076890966,0.31521434419970484,0.3017867869271815
166,0.08846649436956877,1.9999999927627305,1.9115334983931618,5650.225979645321,8747.311207727742,1.9579250130182668,1.9579250130182668,1.9325287008330425,1.9325287008330425,0.08846649436956877,0.0
167,0.5425485072566083,1.7222613759312004,1.1797128686745921,3088.32743816383,3481.889160023028,1.7271527577521253,1.409270863371812,1.7092019330349846,1.7092019330349846,0.5425485072566083,0.3178818943803132
168,0.04211928354736516,1.6296016545058962,1.6717209380532614,194.48827669683058,895.9873664098687,1.6514040934121386,1.6514040934121386,1.750935875835681,1.750935875835681,0.04211928354736516,0.0
169,0.1922156656779559,1.65788189267284,1.4656662269948841,5832.776937512426,1822.7320088113831,1.5420491684164774,1.7289754157917614,1.5831788523864005,1.5831788523864005,0.1922156656779559,0.18692624737528396
170,0.0,1.0000000039698316,1.0000000039698316,16860.895812047733,28259.514327779045,1.0012454448018129,1.0012454448018129,1.0066410943313482,1.0066410943313482,0.0,0.0
171,0.49844723774744537,1.873615430679057,1.3751681929316115,8802.861961391698,20155.062767208117,1.7432478652052574,1.3851282021921136,1.5110507374823512,1.5110507374823512,0.49844723774744537,0.3581196630131438
172,0.589173155064969,1.5891731587345241,1.000000003669555,13488.284781459317,42614.85338570918,1.6405824673719385,1.0256726809020045,1.2634338776166456,1.2634338776166456,0.589173155064969,0.614909786469934
173,0.3061314493364069,1.3061314534682187,1.0000000041318118,2954.859303778337,1299.9152018819275,1.531965809355953,1.5345299168135411,1.4240604096922493,1.4240604096922493,0.3061314493364069,0.0025641074575881717
174,0.10451759502649027,1.6161820317649724,1.7206996267914627,2108.0545207991554,4640.420946101752,1.76728031739183,1.6399791271724677,1.8787634238949362,1.8787634238949362,0.10451759502649027,0.12730119021936215
175,0.6605312446048814,1.6605312491531454,1.000000004548264,32494.742784125683,105833.01673970994,1.651507631218913,1.024892312055792,1.2502091837052098,1.2502091837052098,0.6605312446048814,0.626615319163121
176,0.5634752996841441,1.7502141149782116,1.1867388152940674,4044.79765288104,1275.5090064261758,1.674441750467245,1.2848634683411606,1.7406162043497457,1.7406162043497457,0.5634752996841441,0.3895782821260845
177,0.5363054086763452,1.859250165411664,1.3229447567353187,10873.858978831631,10541.969443912718,1.648671523459464,1.2342189843603575,1.8507136296875233,1.8507136296875233,0.5363054086763452,0.4144525390991065
178,0.14632064628176167,1.3396066826762527,1.4859273289580144,4268.08706681772,2980.296859516826,1.2977278306645714,1.4045443386708567,1.394145822265859,1.394145822265859,0.14632064628176167,0.10681650800628528
179,0.7991256629536467,1.0000000040370263,1.799125666990673,38923.125639175196,94133.04624247893,1.0325009083063634,1.5449872837109109,1.2973075175527198,1.2973075175527198,0.7991256629536467,0.5124863754045474
180,0.5292490116474742,1.3252960900840547,1.8545451017315289,16776.26809815881,32869.772145373885,1.456696325861989,1.7716518370690055,1.5379108045208674,1.5379108045208674,0.5292490116474742,0.3149555112070166
181,0.35798522807332045,1.788846523220941,1.4308612951476205,4991.139141840754,9000.573200541992,1.738730026369417,1.5225399472611658,1.5779539245585088,1.5779539245585088,0.35798522807332045,0.21619007910825117
182,0.0,1.0000000039698316,1.0000000039698316,10720.142216274078,6574.598335818805,1.101493913797788,1.0641790061573009,1.023707868853602,1.023707868853602,0.0,0.03731490764048706
183,0.6372891413443296,1.6372891462039953,1.0000000048596658,29221.419920425604,44489.510593685416,1.5774881920172745,1.065001816612727,1.0547701628909627,1.0547701628909627,0.6372891413443296,0.5124863754045474
184,0.05002710719041126,1.0500271109616435,1.0000000037712322,2860.0856177512437,2786.9174448360036,1.0741810041803515,1.066129928272832,1.0356235374783056,1.0356235374783056,0.05002710719041126,0.008051075907519412
185,0.24705433007316469,1.70365314219125,1.9507074722644147,3720.7077282402106,3265.069448808356,1.6738700674861473,1.8315324831284632,1.886993891278466,1.886993891278466,0.24705433007316469,0.15766241564231587
186,0.02190934009693546,1.9780906521373538,1.9999999922342893,12433.386254897667,16740.384043666585,1.9285502867813922,1.933674979515615,1.9057328275171084,1.9057328275171084,0.02190934009693546,0.00512469273422278
187,0.0,1.999999992060336,1.999999992060336,2714.586677015151,5437.180021513632,1.8575367217760572,1.938747377015996,1.8349378727650918,1.8349378727650918,0.0,0.08121065523993876
188,0.18303553530919459,1.2889491713054426,1.105913635996248,3226.402062822827,3182.877437507456,1.468394596345289,1.1933110558744404,1.3000189432555072,1.3000189432555072,0.18303553530919459,0.2750835404708485
189,0.15132328207607149,1.8486767111857207,1.9999999932617922,7151.838083887831,12903.6333291639,1.8848496313934935,1.9367964549004646,1.8591670515758252,1.8591670515758252,0.15132328207607149,0.05194682350697111
190,0.4661536115993221,1.5338463788639165,1.9999999904632386,14631.878195991,8910.23993141805,1.5090595903329769,1.9216831399487728,1.9629987103556747,1.9629987103556747,0.4661536115993221,0.41262354961579595
191,0.08684341793818806,1.999999992749844,1.913156574811656,5284.653365531779,14332.808230987124,1.9373817315351243,1.8766557585082628,1.815570955962046,1.815570955962046,0.08684341793818806,0.060725973026861446
192,0.12979013569644282,1.2567670313374455,1.3865571670338883,2401.1948900455322,2639.020472088626,1.2557405635714378,1.296713450178546,1.3808082215068658,1.3808082215068658,0.12979013569644282,0.04097288660710818
193,0.33022597486299077,1.9999999920233291,1.6697740171603384,7567.266044401983,6911.063867897649,1.8967113368699737,1.6713763103451702,1.909412882788156,1.909412882788156,0.33022597486299077,0.22533502652480353
194,0.6929607469093715,1.2862530441305178,1.9792137910398893,10501.854653657101,24611.933674306198,1.325009083063635,1.8374954584681824,1.687456617522025,1.687456617522025,0.6929607469093715,0.5124863754045474
195,0.5773119910834756,1.2920910686962408,1.8694030597797164,11918.915371347684,18816.442238078947,1.5029692901656164,1.8742576774585957,1.6983986539833138,1.6983986539833138,0.5773119910834756,0.3712883872929793
196,0.030407702950443927,1.1728081949688638,1.1424004920184199,945.4696343095665,765.0616355613773,1.212293627072609,1.1969265932318478,1.141784379139444,1.141784379139444,0.030407702950443927,0.015367033840761213
197,0.0,1.999999992060336,1.999999992060336,4863.276434173549,11576.699447452442,1.9917698452567374,1.9917698452567374,1.9529438223569389,1.9529438223569389,0.0,0.0
198,0.040949030236840045,1.0409490340441108,1.0000000038072707,8041.708233583286,4364.513416551551,1.068718422256864,1.0665201126959383,1.0095835098458497,1.0095835098458497,0.040949030236840045,0.002198309560925704
199,0.7999999999999998,1.1999999919610906,1.9999999919610905,27682.224340865196,11749.215349731423,1.2378389746649308,1.9405402563337673,1.9611390569074145,1.9611390569074145,0.7999999999999998,0.7027012816688365
200,0.0,1.0000000039698316,1.0000000039698316,15820.701939820627,7346.808933153774,1.0759846666783706,1.0759846666783706,1.0137141906400684,1.0137141906400684,0.0,0.0
201,0.34619687222846185,1.0000000038932324,1.3461968761216943,19959.470480270626,30182.21740162082,1.0502786860841413,1.2960983948220222,1.0472420336125419,1.0472420336125419,0.34619687222846185,0.24581970873788084
202,0.43946110901057756,1.482856178590522,1.9223172876010997,7846.805956566634,18574.809592500314,1.5752509545460465,1.8561872613634882,1.8401430472766918,1.8401430472766918,0.43946110901057756,0.28093630681744175
203,0.4275463386140217,1.091114094449781,1.5186604330638027,921.6933015746918,3656.5541670682674,1.806591398019783,1.5318736554455965,1.7672259705965625,1.7672259705965625,0.4275463386140217,0.27471774257418646
204,0.7263742881368414,1.1241262348813907,1.850500523018232,16916.60142106508,42560.60783064117,1.0922352352071563,1.6310590591713747,1.2688366175306285,1.2688366175306285,0.7263742881368414,0.5388238239642185
205,0.6410173868932625,1.32813887464997,1.9691562615432325,19302.621043962943,32889.264784328305,1.3839991512837542,1.9725714891940176,1.9024458318085355,1.9024458318085355,0.6410173868932625,0.5885723379102634
206,0.532356506740709,1.000000004177048,1.532356510917757,10274.392632065772,22756.185726864514,1.0738785122383938,1.5197896704504401,1.6423060333910606,1.6423060333910606,0.532356506740709,0.4459111582120463
207,0.6217538966185305,1.00000000337854,1.6217538999970704,21269.640241334684,61909.34747142129,1.0292818868157372,1.590053584579681,1.2700618636930479,1.2700618636930479,0.6217538966185305,0.5607716977639439
208,0.40443961666101114,1.4044396202074227,1.0000000035464116,41658.740138357876,44630.35202811089,1.391693578483049,1.0434504586797821,1.0494985166966009,1.0494985166966009,0.40443961666101114,0.34824311980326694
209,0.18987862838378167,1.6701451797987117,1.48026655141493,2314.5744939576034,2863.105240027945,1.5058820796853518,1.4323531802753173,1.6051601699258602,1.6051601699258602,0.18987862838378167,0.07352889941003449
210,0.7999999999999998,1.9999999919610905,1.1999999919610906,21000.929400769415,15884.304612814092,1.9455331628111412,1.3540344417275816,1.82769458684472,1.82769458684472,0.7999999999999998,0.5914987210835596
211,0.7889439054700969,1.8250864829104174,1.0361425774403206,16682.300681256962,36157.995926040654,1.7376516270104545,1.2295548263658522,1.4206331029043162,1.4206331029043162,0.7889439054700969,0.5080968006446023
212,0.30270753644005044,1.3027075405922508,1.0000000041522004,12980.256442466796,23403.384492744222,1.2684440738343679,1.0522539947261167,1.1175446848144175,1.1175446848144175,0.30270753644005044,0.21619007910825117
213,0.21570710016486627,1.9999999906594674,1.7842928904946012,12859.702172775798,14063.425281048774,1.8300314234531294,1.8300314234531294,1.8178630850628021,1.8178630850628021,0.21570710016486627,0.0
214,0.08204478173708907,1.4999320118066146,1.4178872300695256,635.1734077119162,659.577981597405,1.4911005843243816,1.4911005843243816,1.4752241674238442,1.4752241674238442,0.08204478173708907,0.0
215,0.15806491390864164,1.4969812340649506,1.6550461479735923,2492.8134014090515,2453.5308193834367,1.5552242241399876,1.6298505172400082,1.562414203336914,1.562414203336914,0.15806491390864164,0.07462629310002056
216,0.29454556190604153,1.0158354182654366,1.310380980171478,8592.847367617778,15662.884579214176,1.11479910361166,1.2538058265242096,1.1311787564934508,1.1311787564934508,0.29454556190604153,0.13900672291254956
217,0.0,1.0000000039698316,1.0000000039698316,11263.067936411091,15885.593197909364,1.001860411799323,1.001860411799323,1.0014133827908638,1.0014133827908638,0.0,0.0
218,0.7999999999999998,1.1999999919610906,1.9999999919610905,6122.37339334961,5604.80768023337,1.9493067429663085,1.709705598471683,1.7034546697941333,1.7034546697941333,0.7999999999999998,0.23960114449462555
219,0.34709008447170486,1.241140300441069,1.588230384912774,4035.660486900474,4774.26149801485,1.3845122075873353,1.8077438962063321,1.426959724964913,1.426959724964913,0.34709008447170486,0.42323168861899685
220,0.2067717570575116,1.025142856253942,1.2319146133114536,9411.688202671356,16565.47678658791,1.128943288949261,1.1618686218298029,1.2707101137549868,1.2707101137549868,0.2067717570575116,0.03292533288054189
221,0.0,1.999999992060336,1.999999992060336,12092.514218284408,14665.422373584624,1.9701589900751915,1.9701589900751915,1.9717922727412431,1.9717922727412431,0.0,0.0
222,0.6687966909473579,1.0000000044375221,1.66879669538488,34043.04670624081,86505.79420387583,1.0345493765276712,1.516308728612603,1.4447569587757285,1.4447569587757285,0.6687966909473579,0.4817593520849317
223,0.3107150434235466,1.4705021483210876,1.159787104897541,1340.898492956157,2567.875115685222,1.4380821439752234,1.2043337658271915,1.4483632042113108,1.4483632042113108,0.3107150434235466,0.23374837814803184
224,0.0,1.0000000039698316,1.0000000039698316,18250.987936689242,24233.004280314875,1.0020546306856801,1.0020546306856801,1.001507548429251,1.001507548429251,0.0,0.0
225,0.5462284925651879,1.1319211497986947,1.6781496423638826,3948.8316488600212,282.83036597903066,1.9595490840728471,1.566312822980142,1.661459453807855,1.661459453807855,0.5462284925651879,0.39323626109270515
226,0.0,1.0000000039698316,1.0000000039698316,5407.002556047183,5740.220009042696,1.0086132172312596,1.0086132172312596,1.0034662003082842,1.0034662003082842,0.0,0.0
227,0.0,1.0000000039698316,1.0000000039698316,5077.734171942108,10689.278396743233,1.0200050785026011,1.0200050785026011,1.057725526339853,1.057725526339853,0.0,0.0
228,0.09015338963407071,1.999999992776124,1.9098466031420533,8644.407174421061,3111.564283579349,1.740942868832159,1.712407110711562,1.8611765803204048,1.8611765803204048,0.09015338963407071,0.028535758120597166
229,0.0,1.0000000039698316,1.0000000039698316,12101.394812966579,11249.890224140425,1.0769255746428852,1.0769255746428852,1.0580256395889127,1.0580256395889127,0.0,0.0
230,0.7999999999999998,1.1999999919610906,1.9999999919610905,26047.765125170594,24236.436809245683,1.2993291314697017,1.9786193477521643,1.991373674958341,1.991373674958341,0.7999999999999998,0.6792902162824626
231,0.1732626685679044,1.243440380025146,1.0701777114572415,1096.1672743339582,147.24258957876265,1.284681039016957,1.4306379219660863,1.2433199378380926,1.2433199378380926,0.1732626685679044,0.14595688294912934
232,0.2621080669964915,1.6206758950659297,1.3585678280694382,2894.910946886537,2937.433676210563,1.535692286366483,1.535692286366483,1.5499456657890258,1.5499456657890258,0.2621080669964915,0.0
233,0.0,1.0000000039698316,1.0000000039698316,28009.761205980605,28100.045509708485,1.0202231111248432,1.0202231111248432,1.0110899216994338,1.0110899216994338,0.0,0.0
234,0.7999999999999998,1.0000000040194545,1.8000000040194544,12338.681896270215,18892.81752852534,1.1423305527188394,1.786504170921741,1.679182993465898,1.679182993465898,0.7999999999999998,0.6441736182029016
235,0.2554033767031756,1.99999999113223,1.7445966144290543,10964.279592974919,26252.89872282023,1.9452829661030253,1.7660384745576456,1.8092126023702335,1.8092126023702335,0.2554033767031756,0.1792444915453797
236,0.4018161232468098,1.525192920596765,1.123376797349955,2556.557633655483,397.46706758859585,1.489586487825246,1.1856049135180924,1.5258073671528405,1.5258073671528405,0.4018161232468098,0.30398157430715367
237,0.0,1.0000000039698316,1.0000000039698316,28531.86782638271,8714.444399052538,1.7225211962242475,1.019819914555411,1.0064052830667685,1.0064052830667685,0.0,0.7027012816688365
238,0.236085779512353,1.7255688962727205,1.9616546757850735,6591.6998955250765,5753.500228941267,1.7174731767682692,1.8206317058079329,1.875279005095821,1.875279005095821,0.236085779512353,0.10315852903966372
239,0.14802843810659194,1.279985973578606,1.428014411685198,1517.7816772098697,2130.3352368868755,1.3206511655220627,1.3586976689558743,1.2714397844900336,1.2714397844900336,0.14802843810659194,0.03804650343381155
240,0.6746561593191132,1.0000000043590158,1.674656163678129,59250.50169415382,129128.02110963067,1.0680257458918003,1.5578326517032979,1.2258176463392871,1.2258176463392871,0.6746561593191132,0.48980690581149755
241,0.1480357826115326,1.9999999932356907,1.851964210624158,2169.5697182197173,2784.3911262362108,1.9384547386986664,1.8616336582186732,1.8974114113582123,1.8974114113582123,0.1480357826115326,0.07682108047999314
242,0.7999999999999998,1.9999999919610905,1.1999999919610906,12419.364676833095,6880.840963067908,1.836214696205738,1.6551412151770477,1.8833049394460843,1.8833049394460843,0.7999999999999998,0.18107348102869025
243,0.7999999999999998,1.0000000040194545,1.8000000040194544,62713.30455538243,179486.0660176413,1.07116527635942,1.7153388945623211,1.5019182205474053,1.5019182205474053,0.7999999999999998,0.6441736182029012
244,0.33172971632500303,1.6682702757162353,1.9999999920412384,14828.232394114932,25262.41022726017,1.8145188891285953,1.9418200793479574,1.712099633829102,1.712099633829102,0.33172971632500303,0.12730119021936215
245,0.5772435484465634,1.9999999924477763,1.4227564440012128,13398.71822172936,14530.000889993747,1.9659871270540998,1.4761802212426023,1.8145767998708449,1.8145767998708449,0.5772435484465634,0.48980690581149755
246,0.6504871380617772,1.0000000046828368,1.650487142744614,16680.4044895063,12735.148528466289,1.23983327763793,1.84011114824138,1.8021648012692622,1.8021648012692622,0.6504871380617772,0.60027787060345
247,0.24673686299876785,1.2854125387933009,1.038675675794533,7070.7443556941,18094.066451762246,1.2121111977484054,1.0562777715893996,1.0736850268508316,1.0736850268508316,0.24673686299876785,0.15583342615900575
248,0.09397573969079875,1.0234761286997087,1.1174518683905075,6601.168235099811,1110.3580627227982,1.7868148643218402,1.1865369937183898,1.1531915860566497,1.1531915860566497,0.09397573969079875,0.6002778706034504
249,0.0,1.0000000039698316,1.0000000039698316,7213.184395105477,6094.393445036785,1.0741810041803515,1.066129928272832,1.0455299100522457,1.0455299100522457,0.0,0.008051075907519412
250,0.304230716195077,1.6957692755186617,1.9999999917137388,10203.76528515355,14722.60820363012,1.7569730181641,1.8835426125901384,1.841642311059462,1.841642311059462,0.304230716195077,0.12656959442603855
251,0.7212134064120206,1.0000000037352335,1.721213410147254,88528.53703956082,233565.75019099977,1.0277211491233122,1.61190391227363,1.7987712812048962,1.7987712812048962,0.7212134064120206,0.5841827631503178
252,0.3388468781829346,1.0847116969930288,1.4235585751759634,1689.4653193375143,241.88110234592446,1.6615349465346203,1.3868172039604338,1.3974742270407132,1.3974742270407132,0.3388468781829346,0.27471774257418646
253,0.6307752152896007,1.3692247748165176,1.9999999901061183,22745.060444658444,34867.05497318127,1.4110989136068681,1.936754013291251,1.9424508425061462,1.9424508425061462,0.6307752152896007,0.525655099684383
254,0.21307493148732704,1.213074936173267,1.0000000046859399,76242.42229893185,50617.968695709045,1.1847982881309684,1.0582286937049308,1.0169352103145326,1.0169352103145326,0.21307493148732704,0.12656959442603766
255,0.09072905576286683,1.9051028455181909,1.9958319012810577,5396.312639699961,5106.193384341661,1.8796407683590761,1.7823350056660057,1.808611276138699,1.808611276138699,0.09072905576286683,0.09730576269307045
256,0.5884695928018946,1.999999992648321,1.4115303998464264,17888.3638415136,28048.51689799686,1.9655481695781054,1.4823256259065252,1.7907383070029894,1.7907383070029894,0.5884695928018946,0.48322254367158024
257,0.7999999999999998,1.0000000040194545,1.8000000040194544,28933.873159707247,56991.55859206948,1.023331574363367,1.673357958912862,1.9201370705355703,1.9201370705355703,0.7999999999999998,0.6500263845494949
258,0.4530862587662643,1.7566942035313693,1.303607944765105,6857.9605805842175,10898.975611887106,1.8077438962063321,1.3845122075873353,1.5895912931104517,1.5895912931104517,0.4530862587662643,0.42323168861899685
259,0.0,1.999999992060336,1.999999992060336,11952.13030608388,15854.601039541767,1.920356413896161,1.9342602561502742,1.9078377646937643,1.9078377646937643,0.0,0.013903842254113119
260,0.6141384103978376,1.246583242780201,1.8607216531780386,17326.83268387509,35001.90525377251,1.4059723508581783,1.7970138245709109,1.3663822632504101,1.3663822632504101,0.6141384103978376,0.39104147371273257
261,0.0703385467816382,1.8815914480945948,1.8112529013129566,2475.0650048609527,1293.91876694209,1.7397723155628404,1.7156261322021888,1.8754611924384887,1.8754611924384887,0.0703385467816382,0.024146183360651552
262,0.0,1.999999992060336,1.999999992060336,9451.419565719478,5239.781977631078,1.8677401434543361,1.8596890675468163,1.950181454391734,1.950181454391734,0.0,0.008051075907519856
263,0.3629463311004435,1.4536828642615187,1.0907365331610752,1321.2671770848192,163.74102597024316,1.5464037363752121,1.5464037363752121,1.4485877716067348,1.4485877716067348,0.3629463311004435,0.0
264,0.7397272923796292,1.8703139541004323,1.1305866617208031,15341.923241817254,38201.404351018005,1.848225530103604,1.3035489397927922,1.5696060355161636,1.5696060355161636,0.7397272923796292,0.5446765903108117
265,0.7999999999999998,1.8000000040194544,1.0000000040194545,119829.82373911094,282546.1258636217,1.689745704683324,1.0221610210940484,1.6691293276667798,1.6691293276667798,0.7999999999999998,0.6675846835892756
266,0.17712846446485386,1.1771284693648458,1.000000004899992,26782.794458224555,13793.642287228597,1.5627406749622446,1.0312328089312683,1.06493692441758,1.06493692441758,0.17712846446485386,0.5315078660309762
267,0.5857719795574154,1.5857719832573502,1.0000000036999348,20623.99489047537,34938.69480865275,1.424127658653755,1.0411337386675892,1.1268192998982687,1.1268192998982687,0.5857719795574154,0.38299391998616583
268,0.57507738602783,1.57507738982329,1.00000000379546,29598.328124627766,78717.87738096062,1.5777627752518348,1.030159801767726,1.1766672639898692,1.1766672639898692,0.57507738602783,0.5476029734841088
269,0.31920663381278613,1.3192066378667386,1.0000000040539525,18717.962107711188,42741.09030466321,1.3671119598273567,1.0452062885837603,1.1197752380354649,1.1197752380354649,0.31920663381278613,0.32190567124359637
270,0.3543224363588222,1.5252747577535761,1.8795971941123983,11708.068486883725,11438.092677990811,1.6558921527548451,1.6558921527548451,1.6823312334500002,1.6823312334500002,0.3543224363588222,0.0
271,0.12463571246719685,1.999999993049902,1.875364280582705,7473.651333018343,8172.286889853611,1.7075234739790597,1.8231191315052353,1.729833687753326,1.729833687753326,0.12463571246719685,0.11559565752617562
272,0.2731490535471597,1.7001610177642181,1.9733100713113778,5052.909572824055,8213.944988535537,1.8452459124482108,1.939625291967985,1.916629089691766,1.916629089691766,0.2731490535471597,0.09437937951977426
273,0.3427247263764981,1.9999999921721834,1.6572752657956853,12489.085455388753,8341.299314500095,1.7753604591029817,1.8807137755226184,1.8263092254306867,1.8263092254306867,0.3427247263764981,0.10535331641963674
274,0.0,1.999999992060336,1.999999992060336,16594.814122181735,28629.06650099698,1.933674979515615,1.9285502867813922,1.8717931574882023,1.8717931574882023,0.0,0.00512469273422278
275,0.5863436097080528,1.8312212551107117,1.2448776454026589,5668.625872492006,12640.586662546937,1.7663662922743018,1.3504505615885471,1.6012158676969712,1.6012158676969712,0.5863436097080528,0.4159157306857546
276,0.0,1.0000000039698316,1.0000000039698316,12625.247298051732,19668.566283239805,1.0013099759236153,1.0013099759236153,1.0044624853930841,1.0044624853930841,0.0,0.0
277,0.0,1.999999992060336,1.999999992060336,12124.710467516628,9651.234149305646,1.9278375796415061,1.9278375796415061,1.961983871797032,1.961983871797032,0.0,0.0
278,0.0,1.0000000039698316,1.0000000039698316,21470.83592673502,24401.03599905271,1.0098358239375553,1.0098358239375553,1.0011176804915554,1.0011176804915554,0.0,0.0
279,0.0,1.999999992060336,1.999999992060336,7810.070253198767,10845.287604540772,1.9504981015827738,1.9504981015827738,1.9367917345445158,1.9367917345445158,0.0,0.0
280,0.0006217199652640559,1.9999999920652727,1.9993782721000086,9306.736645163553,9786.608859855543,1.9367964549004646,1.8848496313934935,1.9222724786483916,1.9222724786483916,0.0006217199652640559,0.05194682350697111
281,0.7999999999999998,1.9999999919610905,1.1999999919610906,14945.238348533252,19198.27152272124,1.976668425636633,1.3266420410871376,1.799213634188766,1.799213634188766,0.7999999999999998,0.6500263845494954
282,0.38123294313863987,1.0741638888683411,1.455396832006981,6933.949930302316,17257.304052474057,1.0404509159271529,1.433687177019858,1.3003424115608873,1.3003424115608873,0.38123294313863987,0.39323626109270515
283,0.6317548082508364,1.631754813184652,1.0000000049338156,16465.869555047782,35424.27227085484,1.6693025248312061,1.2204649834458627,1.3701414220341617,1.3701414220341617,0.6317548082508364,0.4488375413853434
284,0.6456834997910925,1.3543164907145135,1.999999990505606,24493.116499297415,22740.049770942293,1.4604752982125762,1.9671089072705303,1.9064580289973865,1.9064580289973865,0.6456834997910925,0.5066336090579542
285,0.060989974914228196,1.9999999925445762,1.939010017630348,1826.7522576882952,1824.7341850191924,1.90005747846002,1.90005747846002,1.9257649054562023,1.9257649054562023,0.060989974914228196,0.0
286,0.2586917914820219,1.000000004414303,1.2586917958963248,10253.686693405654,14152.036935353535,1.0494007711321522,1.3083892041498681,1.0949289791326584,1.0949289791326584,0.2586917914820219,0.2589884330177159
287,0.7999999999999998,1.9999999919610905,1.1999999919610906,1741.3180498705583,4922.046428801603,1.9438441610428212,1.786181745400505,1.6907701184636665,1.6907701184636665,0.7999999999999998,0.1576624156423163
288,0.7999999999999998,1.0000000040194545,1.8000000040194544,44816.286480550036,102972.36401327718,1.0289892484984073,1.5941505210222964,1.0718228613559053,1.0718228613559053,0.7999999999999998,0.565161272523889
289,0.7734289926965516,1.9999999908930808,1.2265709981965291,32711.181861550718,8583.203538576718,1.9739371346748895,1.3648801145515488,1.9975528378376335,1.9975528378376335,0.7734289926965516,0.6090570201233407
290,0.25983665120193233,1.3776752082010457,1.637511859402978,2789.211139181344,3253.5948128212804,1.511871311565982,1.5521126023797658,1.4030167650683714,1.4030167650683714,0.25983665120193233,0.04024129081378369
291,0.4465175114619555,1.2110051565945077,1.6575226680564632,11054.66622673013,22226.27256902177,1.256459496477413,1.6153107552838808,1.3587691699987932,1.3587691699987932,0.4465175114619555,0.35885125880646784
292,0.3210645474702414,1.0647825001501967,1.385847047620438,10471.016535549841,11628.600521306578,1.2425642857507637,1.2425642857507637,1.2928284832524684,1.2928284832524684,0.3210645474702414,0.0
293,0.7999999999999998,1.1856337803278247,1.9856337803278246,25989.692168797774,34169.87743890757,1.2659322531285797,1.9335169367178549,1.9460903047377294,1.9460903047377294,0.7999999999999998,0.6675846835892751
294,0.6473124037879572,1.8090114598543408,1.1616990560663836,2869.73621848073,403.5324986291926,1.6635150133962218,1.6635150133962218,1.794685896614988,1.794685896614988,0.6473124037879572,0.0
295,0.7999999999999998,1.0000000040194545,1.8000000040194544,39274.269357931174,118991.7261732581,1.07116527635942,1.7153388945623211,1.4181548069588001,1.4181548069588001,0.7999999999999998,0.6441736182029012
296,0.3441528661301634,1.3441528700355674,1.000000003905404,16149.506285233761,29378.223102430235,1.4408568157944346,1.039938798871826,1.058068003941946,1.058068003941946,0.3441528661301634,0.40091801692260853
297,0.06327205904313304,1.0632720627617853,1.0000000037186523,5771.844762054679,9457.487209071352,1.0075102433602985,1.0075102433602985,1.020072958468877,1.020072958468877,0.06327205904313304,0.0
298,0.1894626713762726,1.810537318970637,1.9999999903469097,10118.530882283336,11832.515786608983,1.868461885623032,1.9379670081697833,1.9394560224348458,1.9394560224348458,0.1894626713762726,0.06950512254675134
299,0.7999999999999998,1.9999999919610905,1.1999999919610906,3387.3910670895966,3566.8957356157366,1.9461852675814584,1.7534062538595812,1.8547168411159376,1.8547168411159376,0.7999999999999998,0.19277901372187722
300,0.29468012742878447,1.705319864171212,1.9999999915999964,9663.031942625048,15025.490672080055,1.7817433975876713,1.9441611858865948,1.8761466331629455,1.8761466331629455,0.29468012742878447,0.1624177882989235
301,0.5288508470068551,1.457447713656562,1.9862985606634171,17696.9851491809,29919.924797637108,1.5030361183012744,1.92260982795365,1.8483086753284477,1.8483086753284477,0.5288508470068551,0.4195737096523757
302,0.700079454023145,1.2156016362188091,1.915681090241954,20073.136916023657,60610.35756883258,1.3145897048283126,1.8856037436987954,1.4154670723092062,1.4154670723092062,0.700079454023145,0.5710140388704827
303,0.3521049985228948,1.2205116053620864,1.5726166038849811,6565.172164053601,5508.423614202446,1.2845527749410617,1.5731708375884077,1.264744116005753,1.264744116005753,0.3521049985228948,0.288618062647346
304,0.34840657089546534,1.4474290018584746,1.0990224309630092,760.3261406950757,252.3810816182012,1.3985534546237397,1.544510337572869,1.4367697845193335,1.4367697845193335,0.34840657089546534,0.14595688294912934
305,0.28454241785585666,1.9999999914792614,1.7154575736234048,7740.376615148655,7344.90134356706,1.8910536627349335,1.7081511922229327,1.911242630528633,1.911242630528633,0.28454241785585666,0.18290247051200081
306,0.7999999999999998,1.0797316831091184,1.8797316831091182,27398.142472982796,70838.81174937305,1.230353250294834,1.7984409059920201,1.6260798157013938,1.6260798157013938,0.7999999999999998,0.5680876556971861
307,0.040385889964411614,1.065613919021115,1.0252280290567033,11612.596437063454,3914.8100390400596,1.3260874909046394,1.1036788475531325,1.1026661671022926,1.1026661671022926,0.040385889964411614,0.2224086433515069
308,0.5804184208471406,1.999999992504493,1.4195815716573523,23594.634727947832,41076.44365788677,1.9611585948181602,1.5437796725457567,1.755672968310462,1.755672968310462,0.5804184208471406,0.4173789222724036
309,0.515607352246195,1.153317877661939,1.668925229908134,19212.78610165845,43334.48845609517,1.171948458709374,1.5271417385492212,1.2546618491011872,1.2546618491011872,0.515607352246195,0.35519327983984716
310,0.4928226606032702,1.3516975485669636,1.8445202091702337,14837.764696600996,28060.001552501883,1.3477987616498106,1.695676083556416,1.5668891730879244,1.5668891730879244,0.4928226606032702,0.34787732190660536
311,0.7560340775633403,1.1711640934982208,1.927198171061561,3996.710233446209,2922.1845070153986,1.6134221998747997,1.7769373818637093,1.7778377892455963,1.7778377892455963,0.7560340775633403,0.16351518198890957
312,0.0,1.0000000039698316,1.0000000039698316,728.7399926192852,535.4266999489818,1.6864760316433005,1.4702859525350493,1.0069039668753783,1.0069039668753783,0.0,0.21619007910825117
313,0.0,1.999999992060336,1.999999992060336,15113.141289776284,14261.777417477546,1.938747377015996,1.8575367217760572,1.9111705168184965,1.9111705168184965,0.0,0.08121065523993876
314,0.31616441005945006,1.6838355817964132,1.9999999918558633,6580.813852414655,14083.100596534669,1.8370520395629801,1.9402105686026443,1.7240175109794942,1.7240175109794942,0.31616441005945006,0.10315852903966416
315,0.7999999999999998,1.8000000040194544,1.0000000040194545,33876.87725398859,42152.254276968626,1.3968147490363187,1.0430846607831201,1.0399229554135707,1.0399229554135707,0.7999999999999998,0.3537300882531986
316,0.563806371872027,1.196744946304313,1.76055131817634,10503.819922201588,25081.283534543996,1.131954555340985,1.6371249728122907,1.6259629804029503,1.6259629804029503,0.563806371872027,0.5051704174713056
317,0.7999999999999998,1.0000000040194545,1.8000000040194544,47771.12809900881,49356.176163098055,1.0770180427060132,1.6919278291759472,1.9518949202007185,1.9518949202007185,0.7999999999999998,0.614909786469934
318,0.6202961584764877,1.2095769411056343,1.829873099582122,7305.7534538482805,11924.974942559173,1.3583337410736789,1.686457976560531,1.3868293180065154,1.3868293180065154,0.6202961584764877,0.3281242354868521
319,0.23021664643490558,1.0000000045838653,1.2302166510187709,17286.68143379678,17846.82600348081,1.1164573874098616,1.2430269818358992,1.0488518534128257,1.0488518534128257,0.23021664643490558,0.12656959442603766
320,0.0887700544955945,1.772166933163707,1.6833968786681126,1486.9573593584512,1353.175049910198,1.800732300229515,1.7970707990819403,1.71139026868597,1.71139026868597,0.0887700544955945,0.003661501147574686
321,0.6257578319054806,1.625757835248257,1.0000000033427763,10805.085327186398,26889.50094832909,1.5408903472682955,1.0327935466236933,1.280331103599393,1.280331103599393,0.6257578319054806,0.5080968006446023
322,0.0,1.999999992060336,1.999999992060336,5483.104141188128,23208.251273159323,1.9815156636007711,1.9815156636007711,1.8589611268787762,1.8589611268787762,0.0,0.0
323,0.33198751932543935,1.0000000039778456,1.331987523303285,21297.745523698704,21590.937820784187,1.1314794876994516,1.1453833299535647,1.0227924654677456,1.0227924654677456,0.33198751932543935,0.013903842254113119
324,0.2159191359021424,1.2159191405711458,1.0000000046690034,26277.898207194477,32314.948408063843,1.2011860339014304,1.057058140435612,1.0646086151377612,1.0646086151377612,0.2159191359021424,0.14412789346581834
325,0.3332505987592147,1.8432016118206083,1.5099510130613936,12241.290687723807,7673.642753635453,1.6747704989501133,1.4878442515748298,1.8254085448031705,1.8254085448031705,0.3332505987592147,0.18692624737528352
326,0.14461641280004534,1.272435798435595,1.4170522112356403,1577.3509936049336,2389.945103520706,1.2684639989316042,1.4630720021367916,1.3331954783354831,1.3331954783354831,0.14461641280004534,0.19460800320518734
327,0.07471064798055993,1.0747106516538028,1.0000000036732428,8249.760097562923,7273.724207562811,1.0561511957706262,1.0561511957706262,1.0311832613989713,1.0311832613989713,0.07471064798055993,0.0
328,0.24829648960712758,1.4058427037114494,1.1575462141043218,7745.897325766743,9822.608087778712,1.3042245003233413,1.2530092726096942,1.2591640354889841,1.2591640354889841,0.24829648960712758,0.05121522771364706
329,0.08502095676966093,1.0000000036323127,1.0850209604019736,17034.74694921273,8848.335273800498,1.0608624385608978,1.1479258601474298,1.001988049056167,1.001988049056167,0.08502095676966093,0.08706342158653202
330,0.0,1.999999992060336,1.999999992060336,22120.967429346278,9082.471595959636,1.765849713789767,1.8821769671092667,1.9380513446629948,1.9380513446629948,0.0,0.11632725331949967
331,0.24852571935463796,1.1512655612333706,1.3997912805880086,893.9723355260693,1577.8751906127077,1.1587372928203252,1.3650508287186995,1.3749935037201282,1.3749935037201282,0.24852571935463796,0.2063135358983743
332,0.0,1.0000000039698316,1.0000000039698316,15166.729299368137,13396.999738840072,1.0156440535639226,1.0156440535639226,1.0046111237789659,1.0046111237789659,0.0,0.0
333,0.0,1.0000000039698316,1.0000000039698316,4618.7166896317185,13869.321064890717,1.00750263093751,1.00750263093751,1.0757889145339379,1.0757889145339379,0.0,0.0
334,0.0,1.0000000039698316,1.0000000039698316,105800.62666640192,22100.903049253426,1.3012195653752914,1.0499128881874793,1.0082302656306612,1.0082302656306612,0.0,0.2513066771878121
335,0.059753963417059186,1.999999992534763,1.9402460291177037,7212.374067143365,5704.263013080604,1.940308114708421,1.8356863940821082,1.96094752761516,1.96094752761516,0.059753963417059186,0.1046217206263127
336,0.7760421773029949,1.906013873641204,1.1299716963382092,34676.96060772236,69538.28802522684,1.84011114824138,1.23983327763793,1.9917196988558645,1.9917196988558645,0.7760421773029949,0.60027787060345
337,0.3456347635801249,1.9705524957630391,1.6249177321829142,4555.3637261580425,4075.0502854104175,1.8970527482401918,1.6691571364387532,1.9269566690140483,1.9269566690140483,0.3456347635801249,0.22789561180143858
338,0.0,1.0000000039698316,1.0000000039698316,9446.014833301431,5767.527800472783,1.026721419239045,1.026721419239045,1.0026249074006686,1.0026249074006686,0.0,0.0
339,0.10442269215088462,1.000000003555291,1.1044226957061756,10235.916363736915,11570.32394579736,1.0605698002435682,1.152022796590045,1.067260021487531,1.067260021487531,0.10442269215088462,0.09145299634647674
340,0.19504180647495684,1.999999990413354,1.8049581839383972,3159.4003586251374,5415.619836242299,1.9402105686026443,1.8370520395629801,1.9028400723139396,1.9028400723139396,0.19504180647495684,0.10315852903966416
341,0.47595648069274166,1.9770878616917984,1.5011313809990567,17160.908622127998,37680.96087237243,1.9568177931111033,1.6045508964445527,1.783393525500426,1.783393525500426,0.47595648069274166,0.35226689666655053
342,0.14176831824989833,1.705183068481728,1.8469513867316263,3668.8449776500534,7705.976828616676,1.7735495247024409,1.9447464625212543,1.660099913087612,1.660099913087612,0.14176831824989833,0.1711969378188134
343,0.7999999999999998,1.1999999919610906,1.9999999919610905,21014.038876021754,11835.623966909885,1.4444235716169118,1.838391428502941,1.8874174029227806,1.8874174029227806,0.7999999999999998,0.3939678568860292
344,0.34871960410144,1.5547305147267259,1.2060109106252859,6001.606197334227,9648.61873533522,1.5726036160365178,1.3739718359680468,1.3999918787353027,1.3999918787353027,0.34871960410144,0.19863178006847093
345,0.3484009379855615,1.6515990542542223,1.9999999922397838,16216.624365659762,30962.25359799361,1.7960826751368255,1.943136951775941,1.7438985132221974,1.7438985132221974,0.3484009379855615,0.1470542766391154
346,0.0,1.0000000039698316,1.0000000039698316,23780.969827677498,16363.9613797623,1.066129928272832,1.0741810041803515,1.0296750560425134,1.0296750560425134,0.0,0.008051075907519412
347,0.0,1.999999992060336,1.999999992060336,9506.87679893298,9753.039624397059,1.9636405477181131,1.9636405477181131,1.980072505236029,1.980072505236029,0.0,0.0
348,0.48311720473340447,1.488202031875665,1.9713192366090695,12907.616209203823,24807.81233434961,1.5129189929548255,1.8717702517612937,1.6728881898761143,1.6728881898761143,0.48311720473340447,0.3588512588064683
349,0.1979258869595606,1.2636875885691752,1.0657617016096146,2969.708327613649,3868.2240294036646,1.2960983948220222,1.0502786860841413,1.0569708978459076,1.0569708978459076,0.1979258869595606,0.24581970873788084
350,0.414301095065134,1.8089910344522055,1.3946899393870715,1858.6072350769805,3336.601679178384,1.9223171896363205,1.5049382673639173,1.6070333314440872,1.6070333314440872,0.414301095065134,0.41737892227240314
351,0.029177928281345356,1.0291779321353454,1.000000003854,17335.106072171307,13404.63127920198,1.1410976327430709,1.0613501690897806,1.0499809310032338,1.0499809310032338,0.029177928281345356,0.07974746365329022
352,0.7999999999999998,1.9999999919610905,1.1999999919610906,9920.825786000361,4318.291345215369,1.8148520990406718,1.7405916038373133,1.9025154942909948,1.9025154942909948,0.7999999999999998,0.07426049520335853
353,0.5530944229220682,1.428266117076041,1.9813605399981091,12101.393863388064,23162.575627968334,1.3435428431611809,1.8282285784194097,1.664069789057097,1.664069789057097,0.5530944229220682,0.4846857352582288
354,0.42926703241132413,1.4292670358098947,1.0000000033985705,17202.17273980281,31891.571505553406,1.4196098198179148,1.08929079695109,1.3573018784045066,1.3573018784045066,0.42926703241132413,0.3303190228668247
355,0.0,1.999999992060336,1.999999992060336,21082.745043120925,6102.89460546811,1.8367325062568165,1.8367325062568165,1.986477088961904,1.986477088961904,0.0,0.0
356,0.36014079636740925,1.9999999923796,1.6398591960121907,6663.113326105409,12010.840728907577,1.949721313915859,1.703901605177978,1.8728629247381574,1.8728629247381574,0.36014079636740925,0.24581970873788084
357,0.09072862662717718,1.2439353072871633,1.3346639339143405,1344.3237451481482,1165.2197234516975,1.3391884478005627,1.3304057760997188,1.300058400327198,1.300058400327198,0.09072862662717718,0.008782671700843903
358,0.043937797306699444,1.5140137515536993,1.4700759542469999,1135.6061500029875,2894.061151170438,1.5341704503605538,1.4076008559345157,1.3773550644756556,1.3773550644756556,0.043937797306699444,0.1265695944260381
359,0.7999999999999998,1.8000000040194544,1.0000000040194545,22789.494272686672,18958.622077155993,1.9687671910687317,1.4372593250377554,1.949206891736952,1.949206891736952,0.7999999999999998,0.5315078660309762
360,0.0,1.999999992060336,1.999999992060336,11025.40921856295,10200.71057262065,1.9066999590874425,1.9352357172080397,1.9417817540322888,1.9417817540322888,0.0,0.028535758120597166
361,0.6833618884505732,1.8825219747778155,1.1991600863272422,21508.44093506539,52192.406637847984,1.7485948459401988,1.2873201760683444,1.4206674946259963,1.4206674946259963,0.6833618884505732,0.4612746698718544
362,0.7999999999999998,1.8000000040194544,1.0000000040194545,59681.707925719325,84392.78147257175,1.5449872837109109,1.0325009083063634,1.0457924063440778,1.0457924063440778,0.7999999999999998,0.5124863754045474
363,0.10107743957704418,1.7590832268157015,1.8601606663927457,1260.1214418276368,2185.009213028196,1.8370520395629801,1.9402105686026443,1.7340393303302806,1.7340393303302806,0.10107743957704418,0.10315852903966416
364,0.760499020856078,1.1528921762441446,1.9133911971002227,57178.74073569981,164686.3857318256,1.3337448517260573,1.9486546381959913,1.455734274471883,1.455734274471883,0.760499020856078,0.614909786469934
365,0.0,1.999999992060336,1.999999992060336,8430.419652946612,7330.142442258806,1.8766557585082628,1.9373817315351243,1.942431450154617,1.942431450154617,0.0,0.060725973026861446
366,0.01748241218490909,1.1097927466805821,1.1272751588654912,1462.7309916050747,2139.9314247501325,1.0905687499508134,1.0649593750035133,1.1601240829480561,1.1601240829480561,0.01748241218490909,0.02560937494730009
367,0.05568362527547288,1.0556836290242497,1.0000000037487768,7406.9433882959465,4085.9159551238226,1.1643136059178913,1.059691885291579,1.0155959544637536,1.0155959544637536,0.05568362527547288,0.10462172062631225
368,0.24746794668268723,1.7525320443550358,1.999999991037723,7338.012671884364,14059.531447773057,1.8029109025411847,1.9426492212470583,1.8659460954677303,1.8659460954677303,0.24746794668268723,0.1397383187058736
369,0.4535399848612074,1.4742557881279912,1.0207158032667838,8308.445439098736,20145.860043752913,1.4094650248171527,1.090851534643515,1.3667696192197112,1.3667696192197112,0.4535399848612074,0.3186134901736377
370,0.5048613944363973,1.4951385967183264,1.9999999911547237,19744.101499734723,18819.231747903257,1.6543969564963745,1.953257360250259,1.9536220171876293,1.9536220171876293,0.5048613944363973,0.29886040375388445
371,0.0,1.999999992060336,1.999999992060336,10739.008836626928,12763.284681947052,1.941125374916049,1.941125374916049,1.9368762877211185,1.9368762877211185,0.0,0.0
372,0.031698747504288693,1.9683012448077253,1.999999992312014,11339.120472451119,6752.127988912948,1.9312815777431356,1.9334798873040617,1.9934893803858058,1.9934893803858058,0.031698747504288693,0.0021983095609261483
373,0.0,1.999999992060336,1.999999992060336,17050.32392353923,11353.212367638045,1.9334798873040617,1.9312815777431356,1.9746596244651262,1.9746596244651262,0.0,0.0021983095609261483
374,0.0821918577192835,1.0000000036435437,1.0821918613628272,7290.160585368326,8192.80980045931,1.0665201126959383,1.068718422256864,1.0692792784950162,1.0692792784950162,0.0821918577192835,0.002198309560925704
375,0.7999999999999998,1.0000000040194545,1.8000000040194544,20124.329367880622,22401.62198252832,1.1189194873324655,1.821620769001302,1.7951300937719883,1.7951300937719883,0.7999999999999998,0.7027012816688365
376,0.5823768312177706,1.5823768349480314,1.0000000037302608,16049.395713617547,44279.96642200689,1.529965183421321,1.0335739154699057,1.2715961479497722,1.2715961479497722,0.5823768312177706,0.4963912679514153
377,0.6135750059967524,1.2592971241897422,1.8728721301864946,8594.310336793837,13343.641143893406,1.3073785636927764,1.5389321544608356,1.335240015898385,1.335240015898385,0.6135750059967524,0.23155359076805926
378,0.5117171391403961,1.0000000043614015,1.5117171435017975,31064.97914906021,61710.724148922054,1.0221610210940484,1.689745704683324,1.0217667973452347,1.0217667973452347,0.5117171391403961,0.6675846835892756
379,0.016615824575501037,1.724219615202555,1.740835439778056,2508.786139207573,3259.6166556281814,1.9424053559826169,1.806325016243364,1.8922652228957726,1.8922652228957726,0.016615824575501037,0.13608033973925293
380,0.7999999999999998,1.1999999919610906,1.9999999919610905,55409.90225627825,6121.929250060922,1.9493067429663085,1.709705598471683,1.994108464072154,1.994108464072154,0.7999999999999998,0.23960114449462555
381,0.18667863222440229,1.6384813892446297,1.825160021469032,3687.6014604375277,3595.704774284536,1.7021705112942633,1.7021705112942633,1.7598134077218461,1.7598134077218461,0.18667863222440229,0.0
382,0.7999999999999998,1.1999999919610906,1.9999999919610905,17808.82473383048,7059.602469254924,1.3594175326280615,1.9743273190979955,1.9534155093030563,1.9534155093030563,0.7999999999999998,0.614909786469934
383,0.6553337392413772,1.6553337438592783,1.0000000046179012,15326.155387221514,53057.78840756016,1.673357958912862,1.023331574363367,1.772058325624918,1.772058325624918,0.6553337392413772,0.6500263845494949
384,0.0,1.999999992060336,1.999999992060336,13408.871470773813,6907.007985789195,1.9395277458622084,1.8466115579290827,1.9529614280763894,1.9529614280763894,0.0,0.09291618793312573
385,0.5609663521452797,1.2493309494498943,1.810297301595174,10651.433010445005,27708.05099197442,1.2072962591660275,1.6890556112509592,1.4573153196357311,1.4573153196357311,0.5609663521452797,0.4817593520849317
386,0.0,1.999999992060336,1.999999992060336,18513.850981924286,19662.033759025355,1.9298405439919515,1.9298405439919515,1.938527746831011,1.938527746831011,0.0,0.0
387,0.7238343875781568,1.1720725092321052,1.895906896810262,21071.247041140774,50592.38463455714,1.2438941039150062,1.7212638812399927,1.4786350301474478,1.4786350301474478,0.7238343875781568,0.47736977732498653
388,0.5822194181965545,1.7897925606209941,1.2075731424244396,10827.793662572829,3698.978870440939,1.731408676240755,1.2350174082893393,1.7381807036882115,1.7381807036882115,0.5822194181965545,0.49639126795141575
389,0.6426862162433364,1.8033577598216723,1.160671543578336,2639.6714055711354,393.64137776844166,1.653639017148762,1.653639017148762,1.7736288177449753,1.7736288177449753,0.6426862162433364,0.0
390,0.03752309495694206,1.0000000038208712,1.0375230987778132,18039.376458076524,14114.111559274757,1.0665201126959383,1.0687184222568644,1.0425464049884101,1.0425464049884101,0.03752309495694206,0.0021983095609261483
391,0.0,1.999999992060336,1.999999992060336,4204.427411617871,3492.32200262246,1.8700812499929733,1.8444718750456732,1.885819154736796,1.885819154736796,0.0,0.02560937494730009
392,0.0588241861283616,1.4467160839206255,1.505540270048987,1297.2211643853693,1444.363557625794,1.529039426182656,1.537090502090176,1.555249563806226,1.555249563806226,0.0588241861283616,0.008051075907519856
393,0.4195275037663455,1.4195275072229125,1.000000003456567,7273.595006054491,15251.849165279022,1.2401069301062777,1.0542780764209803,1.3323307106704354,1.3323307106704354,0.4195275037663455,0.18582885368529745
394,0.6921663493168753,1.000000004124411,1.6921663534412863,29572.461086087274,47701.637838876064,1.0285990640753013,1.5996131029457836,1.0237772208559912,1.0237772208559912,0.6921663493168753,0.5710140388704823
395,0.0,1.0000000039698316,1.0000000039698316,118542.34204257662,15433.987274514044,1.2215018804438658,1.390869828779369,1.0089492813210896,1.0089492813210896,0.0,0.16936794833550328
396,0.31301153348550503,1.8907270531701639,1.5777155196846588,2636.196707858549,6291.4211426367365,1.7512827560444744,1.6839724208776952,1.5270080628403875,1.5270080628403875,0.31301153348550503,0.0673103351667792
397,0.0,1.0000000039698316,1.0000000039698316,44233.84076067071,18429.74298958431,1.059691885291579,1.1643136059178913,1.0109858852950775,1.0109858852950775,0.0,0.10462172062631225
398,0.11117274833925483,1.1398897181383758,1.2510624664776306,2922.5722048471894,3243.7191534668477,1.2017112625401802,1.2017112625401802,1.2020825007632208,1.2020825007632208,0.11117274833925483,0.0
399,0.580545923573947,1.4194540689328234,1.9999999925067704,14412.371175699309,14766.300488124494,1.4208715792672932,1.9699377443380506,1.9644845174910093,1.9644845174910093,0.580545923573947,0.5490661650707573
400,0.25201719367308195,1.005729826196665,1.257747019869747,17371.592756735827,8059.7625905251825,1.3383621253957925,1.3383621253957925,1.17561363854386,1.17561363854386,0.25201719367308195,0.0
401,0.6611195609965734,1.3386530731066484,1.9997726341032218,23524.58977499737,57423.51201952354,1.3540344417275814,1.9455331628111414,1.9284984249398078,1.9284984249398078,0.6611195609965734,0.59149872108356
402,0.17855473678141154,1.7281672353975952,1.9067219721790067,1725.6586689771402,2612.135792379976,1.8479772034099546,1.9394301997564318,1.9184319092423285,1.9184319092423285,0.17855473678141154,0.09145299634647719
403,0.11307611430904263,1.024274698295063,1.1373508126041056,6250.309323347227,973.2306846104447,1.6749909169363653,1.1625045415318174,1.1617223031430226,1.1617223031430226,0.11307611430904263,0.5124863754045479
404,0.08658231999512678,1.913417672752644,1.9999999927477707,7692.321409077218,4219.817415456542,1.7583847045891723,1.7583847045891723,1.857007566238313,1.857007566238313,0.08658231999512678,0.0
405,0.0,1.999999992060336,1.999999992060336,6097.673183993702,3951.8658653697466,1.9091840716992992,1.9091840716992992,1.967276642989889,1.967276642989889,0.0,0.0
406,0.0,1.0000000039698316,1.0000000039698316,17426.90362962655,6931.662712266997,1.7006708685302985,1.021380652247836,1.0243656841544222,1.0243656841544222,0.0,0.6792902162824626
407,0.526706831607811,1.3175144356038915,1.8442212672117024,15749.159323018628,28335.65828763609,1.4119046082277789,1.7253969278481474,1.7256116962487533,1.7256116962487533,0.526706831607811,0.3134923196203685
408,0.0,1.999999992060336,1.999999992060336,10290.064111820888,12386.220650066349,1.9612030269834761,1.9612030269834761,1.9551334144961023,1.9551334144961023,0.0,0.0
409,0.6112474797209995,1.9999999930552304,1.3887525133342309,24361.12355410288,34402.67741136434,1.9602806798661712,1.5560704818736035,1.8386336682360833,1.8386336682360833,0.6112474797209995,0.40421019799256763
410,0.06475421119917879,1.0161884178328306,1.0809426290320094,5004.090788952136,988.8936253589629,1.7390606533487944,1.0948870351458928,1.0900178345741292,1.0900178345741292,0.06475421119917879,0.6441736182029016
411,0.3412833128400852,1.9999999921550167,1.6587166793149315,9302.349234282427,9752.919290658323,1.8979794362450693,1.663133664407051,1.9149019785108568,1.9149019785108568,0.3412833128400852,0.23484577183801836
412,0.13438746681460545,1.1343874702509413,1.0000000034363359,18242.811428917732,9530.535597649005,1.2960983948220222,1.0502786860841413,1.0341402779457818,1.0341402779457818,0.13438746681460545,0.24581970873788084
413,0.5423706042886014,1.350267184472551,1.8926377887611523,6991.533137062665,12512.103335933793,1.457995143207203,1.6946699045285314,1.4501183183640305,1.4501183183640305,0.5423706042886014,0.23667476132132848
414,0.40236998937648405,1.597630003506044,1.999999992882528,8337.146465065016,16893.39169467424,1.6711261136370543,1.952062420454496,1.7979066301165725,1.7979066301165725,0.40236998937648405,0.28093630681744175
415,0.2733771863659542,1.0000000043268553,1.2733771906928095,17649.508722047976,19699.059754863574,1.042865182045123,1.3998874513682802,1.0402919687052186,1.0402919687052186,0.2733771863659542,0.3570222693231573
416,0.16756575114716998,1.8324342389389585,1.9999999900861285,5023.044461785419,4239.822155708255,1.8769694099334082,1.8769694099334082,1.903540986338213,1.903540986338213,0.16756575114716998,0.0
417,0.7788600144790627,1.8270163324130635,1.0481563179340008,31526.46395011215,90913.29205354133,1.6521290180191115,1.086967745495222,1.507862510890532,1.507862510890532,0.7788600144790627,0.5651612725238895
418,0.14996804958679721,1.5161566687155237,1.3661886191287265,1447.9788008869025,8020.147361815204,1.4456682237138174,1.4906648871842088,1.7731783511417958,1.7731783511417958,0.14996804958679721,0.04499666347039133
419,0.4471109990195563,1.0125118107658535,1.4596228097854098,15413.573477776128,30219.998122144487,1.089485889162643,1.4183417204428197,1.2411599270193028,1.2411599270193028,0.4471109990195563,0.3288558312801766
420,0.7999999999999998,1.9999999919610905,1.1999999919610906,22594.026708374367,7254.096656851,1.9502153758884162,1.3236000567252952,1.9323249151852742,1.9323249151852742,0.7999999999999998,0.626615319163121
421,0.0,1.999999992060336,1.999999992060336,9457.318628855788,20755.308466187766,1.9802103280235066,1.9802103280235066,1.935763498897899,1.935763498897899,0.0,0.0
422,0.40463425351893045,1.5953657393905638,1.9999999929094943,7188.863554984713,9378.894097776654,1.6045508964445527,1.9568177931111033,1.97363678817698,1.97363678817698,0.40463425351893045,0.35226689666655053
423,0.6126164435150767,1.6153899344943414,1.0027734909792647,14433.575912265544,39690.1594734565,1.5347449426043727,1.0332325040996877,1.3277189591536223,1.3277189591536223,0.6126164435150767,0.501512438504685
424,0.262561690543778,1.108560129301525,1.371121819845303,1630.572847773429,4062.6020854812923,1.0958751590910076,1.3768114659084498,1.212056101877376,1.212056101877376,0.262561690543778,0.2809363068174422
425,0.6939875831603297,1.0000000041000099,1.6939875872603396,20604.58469297986,40255.57626668226,1.030159801767726,1.5777627752518344,1.6021388260877454,1.6021388260877454,0.6939875831603297,0.5476029734841084
426,0.0,1.999999992060336,1.999999992060336,24887.773189066378,12340.886486096646,1.9118406158802754,1.9118406158802754,1.9833801025393498,1.9833801025393498,0.0,0.0
427,0.7423915681976956,1.1305411708584177,1.8729327390561132,31611.17664291302,87638.6874127507,1.2037845993580711,1.6943231009628932,1.770171506480085,1.770171506480085,0.7423915681976956,0.49053850160482204
428,0.36609648792261185,1.9028398537788573,1.5367433658562455,7629.713062035203,10500.321012975743,1.7570379762852912,1.6681455652154487,1.6213509776589934,1.6213509776589934,0.36609648792261185,0.08889241106984258
429,0.5118255733753054,1.8607333538280493,1.3489077804527438,10735.055445015638,17113.321056276407,1.6232968730702093,1.430517859348332,1.4332615574420657,1.4332615574420657,0.5118255733753054,0.19277901372187722
430,0.180555351773386,1.5314969832684995,1.7120523350418855,1261.4096792382786,2430.607723180854,1.5135169324768343,1.743241533761583,1.55114380402351,1.55114380402351,0.180555351773386,0.2297246012847487
431,0.47304004573977165,1.3371582668292918,1.8101983125690635,9931.802598260892,17816.000226326072,1.4342914395034991,1.7104723736643337,1.4824729289263507,1.4824729289263507,0.47304004573977165,0.27618093416083456
432,0.19178085728280037,1.0000000048127409,1.1917808620955412,4192.558651685143,8742.339889446353,1.0566191829596177,1.2073314385653537,1.1281323124390124,1.1281323124390124,0.19178085728280037,0.1507122556057361
433,0.46251756924515375,1.024864345850816,1.4873819150959697,9202.897288797752,9373.437495610407,1.069994723090101,1.720021107639596,1.1119252984199166,1.1119252984199166,0.46251756924515375,0.6500263845494949
434,0.05760798792083044,1.9999999925177243,1.9423920045968939,1862.1412936472648,7063.127223106306,1.9667087286738516,1.9667087286738516,1.8187885528214784,1.8187885528214784,0.05760798792083044,0.0
435,0.1540541721185993,1.8459458211648754,1.9999999932834747,16940.963145399797,14498.18851310427,1.775994508790529,1.8806162294168416,1.909078754535602,1.909078754535602,0.1540541721185993,0.1046217206263127
436,0.6566322486047191,1.816266854679535,1.159634606074816,11606.556184528448,20844.978065625422,1.716581668162718,1.2479910403576218,1.226263294087846,1.226263294087846,0.6566322486047191,0.4685906278050962
437,0.11261094146851658,1.7430699648566716,1.630459023388155,5706.141800525663,906.5897430783601,1.468951025024296,1.589667853103741,1.6851638958833755,1.6851638958833755,0.11261094146851658,0.12071682807944484
438,0.0,1.999999992060336,1.999999992060336,11164.591986543772,12464.52579513121,1.9535387590285902,1.9535387590285902,1.9579037101643502,1.9579037101643502,0.0,0.0
439,0.15272089235496145,1.1527208957185169,1.0000000033635554,12453.428000672338,17854.90422894361,1.233961525442354,1.0547170338969747,1.1031556533191869,1.1031556533191869,0.15272089235496145,0.17924449154537925
440,0.11176958210608223,1.3659129556410436,1.4776825377471259,1941.0204056146217,1242.7838765047247,1.4741506913187465,1.4741506913187465,1.435668064550507,1.435668064550507,0.11176958210608223,0.0
441,0.20747663918404857,1.3124779519070806,1.5199545910911292,6215.31676655028,8523.575026363153,1.300776146470089,1.3984477070598216,1.5086888862240826,1.5086888862240826,0.20747663918404857,0.09767156058973248
442,0.40550138972360505,1.0000000035400887,1.4055013932636937,15006.767601447227,41551.84179683107,1.0928024567590462,1.3967840310662003,1.5058389759259496,1.5058389759259496,0.40550138972360505,0.3039815743071541
443,0.007194176733210433,1.908015954535571,1.9008217778023606,3081.446650309833,2959.8653724119986,1.783024159850116,1.804243960037471,1.802409021764075,1.802409021764075,0.007194176733210433,0.02121980018735492
444,0.41662734253379474,1.5833726505185313,1.999999993052326,10575.260867120385,20002.77213429654,1.6465444949813615,1.9538182503584742,1.8188605448745725,1.8188605448745725,0.41662734253379474,0.30727375537711277
445,0.0,1.0000000039698316,1.0000000039698316,10785.546277240303,4798.223015642282,1.0893130806857916,1.0893130806857916,1.0180336124428933,1.0180336124428933,0.0,0.0
446,0.5078284133554058,1.9999999912077269,1.492171577852321,10250.261786357569,9894.209365686493,1.9593539918612939,1.5690441139418858,1.955977344272487,1.955977344272487,0.5078284133554058,0.3903098779194081
447,0.4797205589163922,1.9999999907056016,1.5202794317892094,14502.485493125692,20347.33490024278,1.779668672825453,1.6059111497300045,1.884855716700609,1.884855716700609,0.4797205589163922,0.17375752309544845
448,0.24846947837324818,1.7515305126764027,1.9999999910496509,8626.578300692841,10637.40933022926,1.7645816144146715,1.8823720593208197,1.8607582535742249,1.8607582535742249,0.24846947837324818,0.1177904449061482
449,0.0,1.999999992060336,1.999999992060336,10211.007273063775,10532.170592907092,1.9337932893599783,1.9337932893599783,1.946777983999296,1.946777983999296,0.0,0.0
450,0.5502530380413186,1.9999999919656108,1.4497469539242922,12672.531151795976,20264.28910823192,1.9648653468376693,1.4918851442726275,1.9530432085780884,1.9530432085780884,0.5502530380413186,0.4729802025650418
451,0.7560858588642136,1.9999999901959817,1.243914131331768,20789.614884364182,19925.341611764954,1.7950267922898404,1.2342550945258965,1.8974146149085076,1.8974146149085076,0.7560858588642136,0.5607716977639439
452,0.6145004566957839,1.6525158626690086,1.0380154059732247,16966.492194698763,55036.55135276274,1.619335471395418,1.0585637736314741,1.4158530616086065,1.4158530616086065,0.6145004566957839,0.5607716977639439
453,0.7999999999999998,1.8000000040194544,1.0000000040194545,36548.74098799436,55666.27724402979,1.5019694510634487,1.035573610638325,1.0136283782739677,1.0136283782739677,0.7999999999999998,0.4663958404251236
454,0.2863365573149541,1.7118341863679871,1.9981707436829412,9903.939353185959,7648.971441404633,1.7513547431366883,1.7513547431366883,1.7989206596072316,1.7989206596072316,0.2863365573149541,0.0
455,0.6549429821311477,1.0000000046231365,1.6549429867542842,51798.098425020544,131388.5150554832,1.0309401706139385,1.5668376114048599,1.5127298213353788,1.5127298213353788,0.6549429821311477,0.5358974407909214
456,0.7923652599409086,1.9999999916542157,1.2076347317133072,17602.26184676192,22751.328261032046,1.9144773910086565,1.235187174726194,1.8989637777420179,1.8989637777420179,0.7923652599409086,0.6792902162824626
457,0.47977427008475315,1.4959636230459865,1.0161893529612334,6976.14413458297,17008.378667157904,1.5028834761809768,1.1242791309547557,1.4273870804270419,1.4273870804270419,0.47977427008475315,0.3786043452262211
458,0.0,1.0000000039698316,1.0000000039698316,17777.338984506092,30057.027773577007,1.004840545297987,1.004840545297987,1.0146691229853744,1.0146691229853744,0.0,0.0
459,0.3455693979988199,1.4853417782951404,1.8309111762939603,14836.554501098559,15938.635528852172,1.396504986402432,1.5468514441115064,1.5401016258560807,1.5401016258560807,0.3455693979988199,0.1503464577090745
460,0.6975036281416638,1.999999991894197,1.3024963637525333,27158.06551443518,15494.582576289196,1.9408509497338664,1.3844688267298677,1.9637720319470287,1.9637720319470287,0.6975036281416638,0.5563821230039987
461,0.0,1.999999992060336,1.999999992060336,19517.511994077853,15307.720738205218,1.933870071727168,1.925818995819648,1.963851913358507,1.963851913358507,0.0,0.008051075907519856
462,0.42582179219215055,1.4258217956112367,1.0000000034190861,12016.259431442943,18686.946014218527,1.3230698930692404,1.0483521504950544,1.3908519449218297,1.3908519449218297,0.42582179219215055,0.274717742574186
463,0.5310332427216795,1.0000000041888675,1.531033246910547,22957.648188366882,40932.71350217887,1.2427362135330366,1.5145275729339265,1.4988586531303194,1.4988586531303194,0.5310332427216795,0.27179135940088983
464,0.4267859986913338,1.5329690929619766,1.1061830942706428,676.4446470032683,2212.8390699528372,1.5651007673498643,1.6232661551000906,1.6432211007184434,1.6432211007184434,0.4267859986913338,0.058165387750226394
465,0.1104793978399159,1.8895205950975897,1.9999999929375056,11660.339518118528,4889.278785392021,1.8049241503670914,1.8049241503670914,1.9756317811428605,1.9756317811428605,0.1104793978399159,0.0
466,0.2095892388707572,1.8069759971834831,1.597386758312726,11184.950656505016,10435.517551056133,1.6239796958106452,1.4297374905021198,1.593684926844929,1.593684926844929,0.2095892388707572,0.19424220530852532
467,0.0,1.0000000039698316,1.0000000039698316,5428.3386775013605,6133.346343707338,1.0529612039929968,1.258543144098047,1.09295853175313,1.09295853175313,0.0,0.20558194010505026
468,0.12910494975285047,1.129104953210157,1.0000000034573064,10178.842427823476,1329.0666397969333,1.3626872056680852,1.4559691914978725,1.1794312146545438,1.1794312146545438,0.12910494975285047,0.0932819858297873
469,0.6739035313198554,1.673903535688955,1.0000000043690995,22175.87270876028,61465.044721669845,1.5791284207327065,1.0300622556619496,1.7261784580711608,1.7261784580711608,0.6739035313198554,0.5490661650707569
470,0.6778118349836078,1.3221881563829205,1.9999999913665283,26729.5391238407,60098.92142698685,1.2823994899220483,1.8973092763919823,1.9427883964544832,1.9427883964544832,0.6778118349836078,0.614909786469934
471,0.5327175744990305,1.1328766865644855,1.665594261063516,722.2746796280892,2475.619332007477,1.9591588996497409,1.5717754049036294,1.3613994859800431,1.3613994859800431,0.5327175744990305,0.38738349474611145
472,0.5570053146343286,1.5759307050469866,1.018925390412658,22555.455977991227,55051.184333417514,1.5331047138889404,1.071830044017086,1.2661268780768853,1.2661268780768853,0.5570053146343286,0.4612746698718544
473,0.11140327131880534,1.8751083155960226,1.986511586914828,2475.0103790596877,2033.3049747464506,1.808779853956081,1.7648805841756758,1.8001307073640684,1.8001307073640684,0.11140327131880534,0.04389926978040526
474,0.5922209181001166,1.618071308183312,1.0258503900831955,16280.255033936563,34948.67739611711,1.639874318856804,1.180062840571598,1.3693449126475774,1.3693449126475774,0.5922209181001166,0.45981147828520585
475,0.0,1.0000000039698316,1.0000000039698316,56220.14273953016,60804.747563307355,1.0011493693819136,1.0011493693819136,1.0004218565469492,1.0004218565469492,0.0,0.0
476,0.565247802668309,1.57920188604432,1.013954083376011,20797.578768116065,50254.58403185411,1.4348270123190576,1.0869496904124527,1.1447919907435016,1.1447919907435016,0.565247802668309,0.3478773219066049
477,0.1268466255597125,1.8731533675077434,1.999999993067456,6466.518151232661,10992.084006364323,1.814518889128595,1.9418200793479576,1.849124418455605,1.849124418455605,0.1268466255597125,0.1273011902193626
478,0.0,1.999999992060336,1.999999992060336,14493.26101044166,6867.480710269681,1.8482761731709592,1.869495973358314,1.944940906366384,1.944940906366384,0.0,0.02121980018735492
479,0.1995702565910369,1.2024980750782706,1.0029278184872337,9882.005340688002,10524.372517864384,1.1018254975017285,1.1018254975017285,1.165121443210272,1.165121443210272,0.1995702565910369,0.0
480,0.6585109613840565,1.9999999908493349,1.3414890294652784,22992.551280171076,53433.713923655494,1.8684356290821211,1.361802020024167,1.6290860005356635,1.6290860005356635,0.6585109613840565,0.5066336090579542
481,0.54660441626539,1.5466044203151743,1.0000000040497843,21085.259772899368,30687.43152710496,1.4500749227903198,1.0392803626578344,1.0438300653451966,1.0438300653451966,0.54660441626539,0.4107945601324854
482,0.0,1.999999992060336,1.999999992060336,6172.803550483172,4706.6756567570355,1.8370520395629801,1.9402105686026443,1.9356133619520302,1.9356133619520302,0.0,0.10315852903966416
483,0.06186972873871888,1.7142248708265335,1.7760945995652524,1489.412903720895,2244.2293825809566,1.8038316566114965,1.8038316566114965,1.6723479035825721,1.6723479035825721,0.06186972873871888,0.0
484,0.0,1.999999992060336,1.999999992060336,9372.502446912305,15538.583792268822,1.982378931463157,1.982378931463157,1.9670107981237006,1.9670107981237006,0.0,0.0
485,0.0,1.0000000039698316,1.0000000039698316,25683.90835551079,17361.109892687386,1.0291275075862716,1.0291275075862716,1.0031490866325024,1.0031490866325024,0.0,0.0
486,0.34698757089323085,1.6530124213297208,1.9999999922229517,24805.26264251394,27502.24092461767,1.8916778587978527,1.936308724371582,1.9325935095481706,1.9325935095481706,0.34698757089323085,0.044630865573729306
487,0.4962933700812018,1.5037066209204604,1.9999999910016621,20216.968649755745,19501.192035755274,1.566312822980142,1.9595490840728471,1.9752722116363133,1.9752722116363133,0.4962933700812018,0.39323626109270515
488,0.7999999999999998,1.8000000040194544,1.0000000040194545,68377.1226285709,69175.45509822894,1.4746565414460122,1.0375245327538563,1.0045944708041494,1.0045944708041494,0.7999999999999998,0.43713200869215596
489,0.6675277100362509,1.3324722810547005,1.9999999910909514,27665.082105051366,39058.053138171286,1.4222372247481652,1.969840198232274,1.8763663276759528,1.8763663276759528,0.6675277100362509,0.5476029734841088
490,0.689113316535316,1.695141611522458,1.006028294987142,17708.650860902948,47559.729087336906,1.65357415452299,1.05329628391954,1.6119732527370048,1.6119732527370048,0.689113316535316,0.60027787060345
491,0.7281445418644088,1.7281445455067774,1.0000000036423686,17835.652083731653,29884.48772529377,1.7189227747013553,1.245942572136314,1.7377407389166553,1.7377407389166553,0.7281445418644088,0.47298020256504136
492,0.7241360530706906,1.999999992607849,1.2758639395371585,18354.32744138415,32920.36974044486,1.9712058437131457,1.4031181880159596,1.920294363629114,1.920294363629114,0.7241360530706906,0.5680876556971861
493,0.11106477931942838,1.9999999929421532,1.8889352136227249,11537.082740433945,12616.721000461475,1.9417713062950692,1.8152017118690307,1.9286739739171992,1.9286739739171992,0.11106477931942838,0.12656959442603855
494,0.34212290056311234,1.5198014693791833,1.177678568816071,4701.658033162139,8368.34908587913,1.5121196382596311,1.1774110406328613,1.4444224289602432,1.4444224289602432,0.34212290056311234,0.33470859762676985
495,0.4866776296181361,1.9999999908298849,1.5133223612117488,8746.576865665422,11880.190429577806,1.9530134949858176,1.6578110701985538,1.8612475011401204,1.8612475011401204,0.4866776296181361,0.2952024247872638
496,0.6438473879740254,1.954010323620753,1.3101629356467277,13470.99197472178,45989.8798557492,1.9241525105633055,1.3033899577467778,1.704284150807789,1.704284150807789,0.6438473879740254,0.6207625528165277
497,0.07401811093064525,1.8364435275118514,1.9104616384424966,946.574043556662,1924.6920590144005,1.8507084943716983,1.9392351075448788,1.9441504845789934,1.9441504845789934,0.07401811093064525,0.08852661317318056
498,0.6576982978177468,1.2822084759606576,1.9399067737784044,18668.6524475194,54374.997707273964,1.213495829078259,1.8576694472811606,1.6249538370454588,1.6249538370454588,0.6576982978177468,0.6441736182029016
499,0.45540124289409967,1.8348040806409087,1.379402837746809,4561.328550955998,11230.505024659598,1.7957944982487037,1.4084110035025923,1.5674304705866922,1.5674304705866922,0.45540124289409967,0.38738349474611145
500,0.17641268980576807,1.451127284601691,1.2747145947959229,1535.8250752024287,814.7666999404255,1.4823987939678998,1.1294003015080252,1.3558705770062782,1.3558705770062782,0.17641268980576807,0.3529984924598746
